300
3
8
2891
77
4814
8995
66
49
9346
8946
4894
61
62
68
8763
17
39
22
329
9271
93
99
8522
80
8049
29
9265
5710
4
9203
4990
6721
9411
8700
82
9103
9162
7
6901
7978
46
4640
9147
9868
8671
88
8447
9334
37
5111
3396
92
3473
75
7969
9104
85
8643
7991
11
8644
9646
9388
8873
58
83
3936
20
50
7012
94
6931
8110
5014
5493
78
8749
122
9306
19
12
3781
98
6002
9778
9520
9973
23
27
74
9957
707
5963
4810
51
4790
6
9828
5615
7670
35
1869
95
7651
359
9401
9607
9466
42
872
5681
72
40
9
4698
87
1135
18
45
9530
6332
7871
7211
9070
8077
877
8826
84
4397
76
3585
89
9353
6737
5257
81
6761
2396
9690
1410
9281
5353
33
32
8414
5666
63
9330
60
8309
3902
6923
5715
70
2507
3119
97
3693
6865
8022
9789
8861
36
56
31
2584
3110
5306
5395
7091
7523
5784
8157
8639
9151
64
7549
10000
69
9625
38
8230
9894
57
8372
9836
7625
9319
9913
54
8305
8782
30
8989
6950
6620
6538
65
9598
8267
26
48
59
5667
4084
7646
5240
2220
16
3238
1630
9637
6877
9037
9498
9137
91
9331
8729
6521
90
96
6701
9322
43
28
1388
1533
437
4013
55
4741
9571
6859
21
6603
8913
14
8498
6997
107
6619
7151
53
8287
8479
5749
2644
10
5865
79
9578
8575
7842
13
15
9035
9620
25
9194
792
41
9713
5
6130
8439
9089
9959
4070
8719
8350
7397
9631
6406
44
1015
842
5285
52
9816
897
73
71
9949
2152
9470
6249
4434
8109
6720
24
8501
9031
86
8647
67
5870
8768
47
34
