291
8 9 1 13 4 11 4 9 3 2 3 6 4 2 4 8 3
9 11 3 4 1 5 1 12 3 12 4 2 1 10 3 11 1 6 1
9 2 2 4 1 7 3 11 4 1 2 5 2 4 2 2 1 5 4
10 6 3 10 4 10 3 5 1 5 3 6 1 4 1 3 3 1 1 9 1
4 5 3 7 4 11 4 8 3
6 10 1 8 1 1 1 7 1 9 1 12 1
8 10 3 7 3 12 3 1 3 10 2 3 3 9 3 5 3
3 8 1 9 1 4 1
4 4 1 6 2 3 2 2 1
12 7 1 10 4 3 1 5 4 12 4 5 3 12 3 4 3 1 2 6 3 1 1 3 3
5 10 4 8 1 10 1 6 1 9 3
12 5 2 6 1 7 4 8 4 5 1 11 2 13 2 11 1 2 2 6 4 7 2 4 1
6 5 1 11 1 13 1 2 1 4 1 2 2
13 9 3 9 2 2 1 11 4 8 1 8 3 5 1 3 4 2 4 4 2 10 1 1 1 13 3
9 12 1 4 1 7 1 4 2 11 1 6 1 3 2 8 2 2 1
5 10 1 8 1 3 2 11 1 7 1
7 7 2 12 2 6 3 8 4 9 2 3 4 8 3
7 2 4 13 4 1 4 2 3 6 4 6 2 8 2
5 12 3 8 1 9 3 6 1 3 3
4 4 2 13 3 7 2 11 2
3 10 2 7 2 7 1
5 6 4 1 4 4 1 9 1 11 4
11 6 2 10 2 6 1 7 1 9 2 13 4 8 3 11 2 8 2 4 3 5 4
4 2 1 8 1 12 3 13 3
8 7 4 8 2 4 2 13 1 5 4 11 1 3 2 9 4
4 10 3 9 4 13 3 6 1
7 12 2 5 3 3 1 12 3 8 1 10 2 9 3
8 12 3 5 3 10 4 4 4 8 4 1 4 6 4 2 4
2 11 4 7 3
8 11 3 1 4 9 4 7 4 5 1 6 3 3 4 8 4
6 4 2 12 2 6 2 2 2 7 2 4 1
3 8 4 7 4 3 4
3 11 4 1 2 8 2
10 6 1 1 4 10 2 13 2 12 1 1 3 13 1 1 1 8 2 3 2
2 9 1 13 1
2 5 4 8 4
6 9 4 12 4 13 4 10 1 9 1 12 1
6 13 1 3 4 8 4 11 4 2 2 7 4
5 8 2 3 2 10 3 5 2 1 2
4 9 1 4 1 3 2 5 3
6 5 1 9 1 5 4 11 1 11 4 10 1
8 5 2 13 4 7 4 7 1 6 1 12 4 9 1 5 4
7 5 4 5 2 7 4 9 4 1 2 2 2 12 3
9 12 4 8 4 8 3 5 1 1 4 1 1 10 1 13 1 3 1
4 6 4 2 1 11 3 4 2
13 13 4 11 2 12 2 6 3 11 3 12 4 6 2 2 3 2 2 9 4 7 2 3 3 4 1
12 4 4 8 1 2 3 1 3 9 1 9 2 12 4 9 3 1 4 3 1 3 4 13 4
9 8 1 10 4 7 3 13 4 2 4 4 1 3 4 12 1 11 1
8 11 4 13 3 8 3 9 3 2 4 5 4 10 3 4 2
2 10 3 6 2
2 2 3 8 2
8 3 4 1 3 7 4 12 4 10 4 6 4 3 3 9 4
2 11 3 5 3
6 10 4 6 4 10 2 1 4 2 4 5 4
9 1 1 3 2 7 1 11 3 11 1 13 1 12 2 7 2 10 1
10 4 1 2 2 8 4 3 1 7 1 10 1 2 1 2 4 5 2 9 1
5 5 1 2 1 12 1 13 1 1 1
3 4 3 7 4 9 4
8 9 3 6 3 1 1 8 3 1 2 12 3 3 2 1 3
3 13 1 7 1 2 1
7 1 3 5 3 12 4 11 3 12 3 9 3 2 3
7 13 2 3 2 1 2 11 4 7 4 4 4 10 2
6 2 1 7 4 7 1 12 4 13 1 10 4
3 8 1 2 4 2 2
9 13 3 8 4 9 1 1 3 13 1 3 2 4 2 5 3 6 3
3 8 1 11 1 6 4
12 12 1 6 1 5 3 11 1 13 1 5 2 10 3 11 3 13 2 4 1 1 3 2 1
8 8 2 4 4 8 1 2 4 8 4 10 2 12 1 11 1
2 1 3 1 4
11 13 1 3 2 2 1 5 1 12 2 9 2 1 4 5 4 4 1 5 2 1 2
10 13 2 1 2 9 2 3 2 4 2 9 4 4 4 8 2 8 4 12 4
7 12 3 6 1 1 3 7 3 13 1 9 1 11 1
3 3 1 3 2 11 3
2 6 2 13 2
5 11 3 2 1 13 1 2 2 10 2
10 2 1 12 1 8 1 13 4 7 2 9 4 5 2 2 4 6 1 4 2
4 11 2 2 1 2 4 5 2
12 13 1 3 4 10 2 2 2 9 3 10 3 5 1 1 4 12 1 5 2 6 1 11 1
8 2 1 11 2 6 2 2 3 11 4 5 2 12 4 6 3
8 11 2 10 3 10 1 12 1 12 2 13 1 6 1 8 4
6 7 2 2 2 11 3 1 2 10 3 13 4
4 13 3 12 3 8 4 13 1
3 3 3 8 1 2 4
4 6 4 12 4 12 1 1 4
2 9 4 4 2
10 7 4 13 1 12 2 6 4 12 4 10 2 1 1 7 3 11 1 2 2
3 7 1 11 3 10 1
10 10 2 6 4 10 1 2 4 4 1 13 4 1 4 3 2 9 4 7 1
9 12 1 10 2 7 1 9 2 11 1 6 4 12 2 9 1 11 4
5 10 3 8 3 11 1 5 2 9 4
8 1 1 11 4 13 2 10 1 11 1 2 1 9 4 8 4
4 8 4 9 4 3 4 4 4
11 8 4 12 4 2 4 12 2 10 1 3 2 12 1 2 3 7 2 11 4 4 4
7 4 2 11 2 9 4 12 2 12 4 9 2 5 2
13 6 2 8 1 7 2 12 1 2 2 1 3 8 4 2 3 4 2 9 2 7 3 10 3 9 4
5 1 1 12 1 13 3 1 3 5 1
2 11 1 2 1
7 9 3 6 4 2 4 8 2 10 4 3 4 6 2
5 3 1 7 1 9 1 4 1 11 1
8 4 1 9 3 10 1 5 1 7 1 13 4 2 1 13 1
4 12 1 7 1 6 1 4 1
7 12 2 13 2 4 3 3 2 4 2 8 3 5 2
13 2 2 4 1 3 1 7 3 12 1 7 2 9 1 10 2 3 3 8 2 4 2 8 1 6 3
5 5 3 1 3 5 1 9 4 10 3
3 4 1 13 1 6 1
2 4 4 10 3
13 10 4 7 2 10 3 11 4 11 2 8 4 5 4 12 3 9 3 9 4 8 2 2 3 7 3
4 8 3 1 4 6 3 13 1
2 10 1 12 1
8 4 2 4 4 5 4 7 4 12 4 11 4 8 4 13 4
9 13 4 9 4 12 2 11 1 10 4 1 3 2 4 7 4 8 2
7 3 2 13 2 4 4 1 3 11 2 11 3 6 1
4 13 1 1 2 6 1 8 2
3 7 1 9 1 5 4
5 9 1 11 2 1 4 4 2 5 1
10 3 1 10 1 1 3 7 3 11 3 13 3 4 3 12 3 8 1 7 1
2 9 3 2 3
4 3 3 10 2 9 3 4 3
5 6 4 11 4 7 4 5 4 9 4
5 13 4 9 1 6 2 3 4 4 1
12 2 3 6 2 8 2 1 3 11 3 3 2 7 2 9 2 12 2 11 4 13 2 6 4
5 11 2 1 3 2 2 1 2 7 2
11 6 4 3 4 12 1 4 2 8 4 7 1 7 2 6 1 10 1 3 1 10 2
11 11 3 13 3 9 3 13 1 5 3 1 3 8 1 3 3 6 2 7 2 12 3
5 1 1 6 3 7 1 3 1 8 3
2 9 2 9 4
4 12 3 1 3 2 3 7 3
13 11 1 2 4 11 2 5 4 13 1 5 3 1 2 1 1 12 2 4 1 6 4 3 3 5 1
2 11 3 8 4
2 13 4 7 2
9 7 4 11 4 7 1 2 1 9 4 6 1 12 3 10 3 9 1
4 8 1 9 3 11 1 10 3
7 9 2 7 2 8 2 2 2 1 2 9 4 6 2
7 9 2 1 1 7 2 5 1 11 1 10 2 13 1
2 3 3 2 1
9 8 3 12 1 8 1 5 1 6 1 13 1 4 3 10 1 5 3
3 5 3 12 3 11 3
7 2 4 7 4 4 3 6 3 6 4 5 4 1 4
5 3 2 10 2 8 2 9 2 13 2
6 9 1 8 4 13 3 7 3 10 4 3 2
11 9 1 13 2 6 2 9 3 8 1 8 2 2 2 1 1 10 4 11 1 11 2
13 5 3 3 1 6 1 12 3 1 4 4 4 6 4 5 4 4 3 12 1 7 1 10 4 11 1
13 8 1 6 1 9 2 1 2 12 2 13 2 5 1 4 2 8 2 13 1 11 1 6 2 1 1
11 7 4 6 1 13 1 9 4 5 1 1 4 12 4 6 4 3 4 11 4 8 4
4 6 4 11 1 2 3 5 3
10 3 4 5 2 2 1 10 2 13 2 5 4 4 2 11 2 12 1 13 3
11 12 2 7 1 10 2 12 1 7 3 10 3 8 2 2 1 3 2 3 1 11 2
13 2 4 8 3 10 2 7 4 13 3 9 2 4 3 5 3 1 4 12 4 3 3 4 4 2 2
7 4 4 9 1 12 2 1 2 13 2 13 4 4 1
2 8 1 4 1
10 9 1 6 1 4 1 2 4 1 4 10 4 12 4 8 4 7 2 9 4
6 8 3 7 3 11 1 7 4 2 2 3 2
3 12 4 10 3 4 3
12 12 2 7 1 1 2 1 4 4 2 10 1 1 1 12 4 12 1 9 4 8 1 8 2
2 6 1 3 3
2 5 4 7 1
6 4 3 12 2 6 3 9 4 1 3 5 2
8 13 4 9 2 6 1 2 2 5 1 10 2 3 4 13 2
5 2 3 2 2 3 3 3 2 4 3
13 2 1 4 3 6 2 1 2 7 1 13 3 5 3 10 1 2 3 10 3 9 3 12 3 13 2
7 2 2 12 1 6 3 3 4 3 2 2 1 6 2
13 9 1 13 3 2 1 10 1 3 1 5 2 4 3 8 3 10 4 3 2 11 4 6 1 3 4
10 2 2 13 4 11 2 5 4 2 4 1 4 3 4 6 4 5 2 11 4
3 2 2 12 1 10 2
9 11 1 13 3 12 3 6 3 3 1 11 3 1 3 7 1 12 2
6 8 4 9 4 2 4 11 3 7 4 4 4
3 6 1 7 1 8 4
2 7 3 12 3
5 6 4 1 1 7 4 4 2 3 2
3 10 2 3 1 12 3
3 9 1 4 4 3 4
4 7 1 2 1 10 1 1 2
8 11 3 4 3 5 3 2 3 12 3 1 4 7 3 4 4
6 6 3 1 1 7 3 5 3 11 3 10 3
11 11 1 11 3 3 1 5 1 13 2 6 4 10 4 9 1 9 3 5 2 1 4
5 8 4 5 1 6 2 12 4 3 4
3 8 1 4 1 3 1
4 10 4 2 2 3 4 12 4
6 13 3 11 4 8 2 2 3 9 3 11 2
3 2 4 6 4 5 4
10 4 1 11 4 1 4 5 1 11 2 3 2 3 1 13 2 5 4 10 4
10 2 1 9 2 8 4 9 1 4 4 11 4 7 4 5 1 1 1 12 1
7 12 4 4 4 1 4 13 1 2 4 8 4 5 4
3 11 4 9 4 7 2
11 1 1 6 1 8 1 12 4 3 1 5 3 1 4 3 4 2 4 5 4 11 1
8 10 2 4 3 2 3 7 2 11 3 3 3 3 1 13 3
6 6 3 11 4 12 4 3 4 7 2 1 3
3 3 2 13 2 9 2
5 5 4 6 1 2 4 2 1 13 1
3 9 1 8 2 10 1
8 7 3 8 2 9 1 5 3 4 1 7 1 9 2 5 1
3 6 1 3 2 6 4
10 11 4 6 2 8 1 13 4 12 2 4 4 2 2 3 2 1 1 7 4
10 3 4 13 1 10 4 8 1 12 4 3 1 6 1 5 4 11 2 2 2
7 8 4 13 3 6 3 2 3 8 3 9 4 11 1
2 13 3 2 4
2 2 4 3 4
11 9 4 7 4 2 1 3 3 1 3 7 3 3 4 10 3 13 3 1 2 8 1
6 4 1 13 2 11 1 3 1 2 1 1 2
6 3 1 13 1 9 1 2 1 7 1 10 1
3 11 3 9 2 11 2
4 13 1 2 1 3 3 5 1
4 10 3 9 4 4 3 12 4
9 1 1 4 1 7 3 2 3 3 3 9 1 9 3 2 1 10 3
6 8 1 1 2 10 2 12 1 4 2 11 1
2 13 4 4 3
6 10 1 7 4 13 4 9 4 7 3 8 4
2 8 4 10 3
13 5 1 1 1 1 3 11 1 13 1 8 3 6 1 12 2 3 2 11 3 9 2 11 2 5 2
4 3 1 9 1 6 1 4 1
9 8 1 8 2 2 4 4 4 9 4 6 1 11 2 3 2 13 4
10 12 4 8 1 11 1 4 4 5 1 4 2 12 2 9 2 1 2 6 2
9 12 1 1 2 4 3 3 1 10 3 4 2 13 3 10 2 9 1
12 8 1 12 1 4 2 7 2 12 2 8 2 6 2 4 1 11 1 5 2 9 1 10 2
12 11 2 3 2 13 2 1 1 3 1 6 1 10 1 2 2 1 2 7 1 2 1 13 1
8 13 1 8 3 2 4 13 3 3 1 11 3 5 1 4 3
7 9 4 6 3 11 4 4 2 3 4 13 4 6 4
12 2 1 5 3 5 1 13 3 5 4 2 4 4 3 13 1 11 3 7 2 6 4 10 1
4 10 4 13 1 2 3 10 3
5 12 2 4 2 5 2 10 4 6 2
12 3 4 10 2 5 4 13 4 9 1 11 4 13 1 2 4 3 1 2 1 4 4 10 4
5 2 2 4 2 4 4 13 4 9 2
7 3 3 7 1 13 1 7 3 5 4 10 3 11 3
6 12 4 12 3 11 2 5 2 8 3 13 2
6 13 2 5 3 3 3 11 3 12 1 10 3
2 3 4 11 4
10 7 1 6 2 3 4 10 1 9 1 2 3 1 2 8 2 4 4 9 2
6 3 1 6 1 8 1 7 2 12 1 2 4
3 10 4 13 4 8 4
9 2 1 3 1 2 2 1 1 4 1 1 2 1 4 10 4 13 2
6 4 3 2 3 11 1 13 3 6 1 1 3
4 1 4 1 3 13 2 7 4
12 13 2 1 2 7 1 7 3 8 4 1 1 6 3 12 1 3 2 6 1 8 3 10 3
9 3 1 1 1 8 1 13 2 10 2 5 1 10 1 9 1 1 2
9 5 1 5 2 10 1 8 4 7 4 13 1 6 2 5 4 3 3
2 13 2 10 1
3 10 3 4 2 11 4
6 13 2 8 2 1 2 8 3 10 2 11 2
4 8 2 3 4 4 4 8 4
13 11 3 13 4 10 2 1 4 8 2 12 3 7 4 4 4 13 2 6 3 12 4 7 1 9 3
6 3 4 9 3 13 4 5 4 12 4 1 4
2 8 2 7 1
4 1 1 3 1 9 1 8 1
5 10 4 4 4 3 4 1 4 8 3
7 4 1 7 1 5 1 8 1 10 1 3 1 9 1
5 8 3 7 3 9 3 4 3 10 2
2 12 4 10 4
3 3 1 9 1 1 3
7 8 1 3 1 11 2 10 4 8 2 4 2 5 2
2 4 4 12 3
3 6 1 12 1 6 3
6 5 1 4 1 1 4 6 1 1 1 7 2
3 1 1 12 2 10 1
3 13 1 9 2 8 4
2 13 3 5 2
5 7 4 8 4 5 4 9 4 11 4
4 11 3 5 3 6 3 8 3
9 8 1 3 1 3 4 7 3 1 1 7 2 10 2 12 1 6 4
2 6 2 5 1
8 5 2 9 4 2 4 8 2 1 4 3 4 2 2 10 4
2 11 1 4 1
3 9 3 8 3 1 3
3 5 2 6 3 1 1
3 5 2 3 1 6 3
4 4 2 7 2 3 2 9 2
9 6 4 8 4 3 4 1 4 10 3 8 3 4 4 12 4 13 2
13 2 1 3 2 4 1 12 1 7 2 10 2 10 1 5 2 7 1 9 1 11 2 2 2 3 1
2 6 4 3 3
2 2 2 4 2
7 2 1 11 1 13 1 1 1 6 1 12 1 1 4
4 2 4 10 4 11 4 5 4
8 6 2 12 4 10 4 6 1 5 4 3 1 10 3 1 1
4 6 2 8 2 2 2 10 3
4 12 2 8 4 13 4 4 4
11 5 4 2 1 3 1 10 4 12 1 8 1 2 4 4 1 1 1 13 4 4 4
10 13 1 10 1 6 4 7 1 8 2 5 1 11 1 3 1 1 2 9 2
3 11 4 1 4 12 4
5 7 3 11 3 5 3 2 3 4 1
11 3 3 6 4 13 3 2 1 4 1 9 4 5 1 8 4 4 3 13 4 11 4
12 1 1 6 2 10 1 8 1 6 3 9 2 1 2 9 3 3 1 4 3 7 1 12 2
12 7 3 13 3 4 2 2 1 8 1 9 4 4 1 11 2 9 1 4 4 8 3 7 4
8 8 1 13 1 6 4 3 1 5 1 3 4 4 1 12 1
5 10 3 11 3 2 3 5 3 6 3
11 8 3 13 2 1 2 2 3 6 3 4 2 4 3 1 1 10 1 5 2 9 2
7 11 4 13 3 3 4 13 4 9 4 10 3 10 2
5 11 1 5 1 10 3 8 1 10 1
6 13 3 6 4 11 4 10 4 10 3 13 1
7 11 3 10 3 6 3 12 1 8 3 4 3 7 1
9 3 3 4 3 7 1 13 4 1 2 2 4 10 1 2 3 1 4
2 7 2 13 1
6 13 4 3 4 4 1 1 1 6 4 5 3
100
3 5
56 98 10
4 6
151 224 156 178
3 9
110 2 265
4 2
235 241 196 249
4 10
85 180 226 75
2 7
287 71
2 10
70 162
3 7
222 194 26
2 13
106 147
3 13
141 13 45
4 2
134 205 50 207
4 4
242 201 100 144
2 4
218 231
2 3
113 104
2 10
3 115
3 12
153 11 220
2 4
39 23
2 2
73 125
2 11
184 278
2 5
255 243
2 7
182 216
4 3
170 166 65 169
2 9
14 233
2 6
237 30
3 7
97 93 61
4 6
198 36 53 37
4 3
247 32 191 253
2 2
128 154
4 7
16 17 111 42
3 8
90 41 281
4 3
263 187 189 163
2 3
183 31
4 4
107 238 131 44
2 3
86 82
3 6
223 80 139
2 2
49 268
3 9
47 130 43
2 12
66 279
2 3
63 200
3 4
91 270 83
2 8
215 6
2 8
259 109
3 8
172 51 48
4 9
229 234 88 210
3 2
68 96 129
3 4
202 4 81
3 6
204 199 251
3 5
121 219 138
4 5
188 285 21 124
4 2
225 35 105 246
2 6
173 230
2 7
132 101
2 5
119 168
4 7
133 248 160 148
2 7
244 269
3 12
217 232 46
3 2
289 155 149
3 4
272 76 264
4 8
190 58 185 79
3 2
195 52 28
2 8
0 29
3 11
146 283 123
3 6
286 165 240
4 12
120 9 77 280
2 5
245 282
3 11
122 69 140
3 3
261 136 152
3 13
159 208 102
2 12
213 214
2 4
209 171
2 13
266 142
4 5
38 221 118 175
4 4
25 126 256 117
3 2
84 260 108
4 8
78 27 157 24
3 8
99 67 271
4 11
174 22 92 197
3 3
250 252 176
3 5
15 74 114
4 2
116 254 34 167
2 6
12 5
4 13
239 161 127 94
3 3
72 236 20
4 3
179 276 228 57
2 11
274 143
2 9
54 212
3 10
87 181 193
4 10
275 192 150 145
2 5
158 103
2 2
267 258
3 3
59 262 7
2 6
206 186
4 9
64 257 1 288
3 9
203 135 164
4 6
40 62 227 290
2 4
177 273
4 5
89 277 95 18
3 4
112 19 8
3 10
33 211 55
3 7
60 137 284
