100
1
0 0 0
0 0 4
0 0 3
2
0 1 0
0 11 0
0 0 0
0 3 0
3
0 0 0
0 -6 -2
0 -6 -1
0 -6 0
0 -3 0
2
-186 -322 -872
1000 1000 1000
-186 -321 -872
-186 -322 -871
98
-957 957 957
1000 -1000 -1000
-951 972 973
-960 952 962
-957 942 972
-975 955 960
-967 949 946
-947 937 977
-945 956 939
-965 958 950
-940 944 972
-958 954 954
-976 970 942
-950 972 970
-952 978 966
-956 959 949
-947 937 945
-949 973 955
-940 977 948
-943 976 970
-964 965 956
-959 963 975
-955 971 948
-971 974 959
-958 949 953
-948 975 973
-953 943 941
-978 967 941
-960 968 975
-941 958 969
-970 958 950
-957 945 963
-957 943 961
-944 956 954
-961 970 977
-948 938 951
-977 965 958
-954 950 968
-965 937 948
-967 945 948
-973 971 956
-947 975 976
-949 947 970
-960 943 966
-968 942 959
-960 960 969
-952 959 964
-945 936 944
-948 961 970
-951 956 941
-953 957 976
-963 967 968
-936 973 940
-952 937 977
-974 960 949
-955 974 976
-965 951 963
-941 938 975
-964 954 961
-978 937 958
-968 941 959
-949 941 970
-969 972 942
-958 946 962
-952 949 941
-951 963 972
-958 964 976
-942 950 975
-974 954 958
-957 965 939
-948 946 967
-978 965 976
-936 949 939
-962 971 945
-972 950 967
-937 945 947
-950 965 964
-956 942 945
-976 976 963
-976 951 960
-963 942 946
-977 975 955
-970 970 941
-960 961 977
-948 953 936
-944 955 976
-936 941 946
-951 970 971
-973 946 938
-971 972 959
-949 962 971
-938 939 949
-962 962 965
-956 968 964
-974 952 955
-947 949 946
-977 937 939
-967 957 962
-969 953 964
-945 936 951
91
-840 -840 -840
1000 1000 1000
-895 -871 -775
-889 -792 -911
-812 -786 -883
-787 -844 -782
-891 -869 -807
-830 -848 -811
-870 -879 -857
-888 -920 -824
-883 -900 -790
-862 -897 -901
-821 -835 -774
-821 -789 -907
-822 -860 -903
-872 -813 -842
-874 -808 -830
-916 -803 -846
-821 -821 -778
-845 -804 -833
-880 -826 -917
-909 -832 -812
-832 -867 -800
-846 -788 -804
-878 -895 -845
-845 -848 -764
-828 -864 -888
-795 -836 -770
-823 -852 -865
-830 -838 -769
-892 -915 -862
-765 -919 -918
-840 -822 -825
-916 -897 -808
-798 -805 -897
-807 -879 -848
-898 -880 -792
-874 -774 -897
-805 -914 -806
-855 -825 -783
-809 -767 -858
-806 -812 -888
-762 -813 -821
-805 -780 -878
-831 -807 -764
-804 -912 -790
-910 -789 -853
-843 -847 -845
-879 -804 -817
-780 -915 -867
-890 -868 -903
-781 -828 -892
-891 -915 -915
-915 -801 -763
-807 -762 -907
-898 -764 -889
-844 -777 -787
-781 -864 -783
-851 -884 -883
-789 -792 -771
-843 -773 -790
-913 -867 -808
-791 -877 -872
-892 -804 -817
-817 -823 -789
-878 -822 -902
-902 -825 -837
-843 -810 -829
-859 -870 -897
-812 -899 -911
-793 -881 -879
-801 -911 -833
-840 -813 -799
-771 -849 -804
-848 -896 -913
-904 -904 -820
-823 -866 -902
-852 -849 -845
-862 -875 -779
-811 -872 -768
-775 -859 -920
-844 -771 -887
-860 -849 -842
-867 -916 -894
-817 -798 -761
-828 -810 -800
-773 -869 -762
-892 -818 -813
-809 -890 -767
-786 -876 -780
-861 -892 -799
-825 -784 -896
-802 -802 -772
2
-165 -721 235
1000 1000 -1000
-165 -721 234
-165 -720 235
100
3 -5 -2
1000 1000 1000
31 43 -28
42 23 37
-32 22 48
31 27 44
22 -33 47
79 18 -5
57 10 -35
-58 25 -19
38 50 14
96 -1 -5
74 15 13
56 7 -39
-52 39 -11
53 9 40
62 -37 -3
-27 -42 33
61 -10 -31
62 -30 -10
80 -3 19
58 2 -42
97 -3 2
53 1 48
-64 -2 -36
59 4 39
48 -7 47
49 -30 -23
21 41 -40
21 43 38
56 -32 14
88 8 -6
76 -2 -24
-57 -34 -11
79 7 16
-74 -15 13
-68 21 -13
-58 9 -35
-72 -4 26
-39 25 38
-52 -35 15
58 0 -44
43 -38 -21
-86 -12 4
-53 42 -7
37 -24 41
81 6 -15
-66 15 -21
-30 26 -46
37 -23 42
-44 47 -11
60 -24 -18
65 -30 7
-79 -15 8
86 13 3
-26 -30 -46
54 40 8
-36 42 -24
67 -24 -11
-87 11 4
-17 41 -44
-22 -31 49
-48 24 -30
-38 -37 27
75 5 22
49 -29 -24
-65 8 -29
-15 -49 38
-55 46 -1
84 -2 16
40 -18 -44
70 9 -23
-61 0 -41
37 23 -42
-47 -26 -29
19 -34 49
-38 -45 -19
-42 -48 12
45 26 31
-45 -7 -50
-17 36 49
43 -28 -31
54 -11 -37
-69 -28 5
-29 49 24
93 9 0
-90 0 -12
-40 -28 -34
-28 35 39
-11 -46 45
-68 1 33
38 -33 -31
42 -25 35
-90 2 10
-78 -19 5
-94 6 -2
49 -40 13
38 -47 -17
29 -45 28
24 46 32
-57 -40 -5
-76 26 0
92
1000 1000 -1000
-804 -804 804
-792 -777 788
-771 -717 772
-798 -767 874
-787 -867 839
-746 -814 863
-902 -850 865
-897 -816 791
-860 -714 875
-750 -866 863
-766 -814 881
-815 -812 783
-889 -803 797
-797 -795 874
-778 -871 785
-862 -774 750
-779 -842 713
-834 -824 720
-728 -800 769
-739 -712 885
-825 -870 875
-788 -716 770
-788 -790 867
-787 -768 824
-866 -820 757
-723 -713 794
-753 -837 776
-869 -816 886
-871 -819 887
-894 -789 764
-743 -773 813
-739 -874 746
-802 -722 798
-855 -856 778
-844 -805 712
-797 -808 799
-731 -806 716
-890 -826 822
-892 -874 751
-781 -720 878
-714 -882 783
-719 -786 862
-760 -739 842
-837 -895 732
-899 -718 761
-850 -821 793
-800 -871 777
-711 -800 896
-796 -830 775
-840 -821 730
-801 -886 747
-860 -727 748
-737 -727 728
-790 -726 840
-743 -858 742
-876 -806 891
-746 -775 758
-852 -848 870
-765 -885 847
-760 -803 890
-774 -856 815
-778 -738 809
-847 -847 806
-781 -843 750
-762 -861 799
-836 -711 805
-804 -805 796
-869 -831 862
-753 -774 772
-900 -861 899
-828 -813 811
-854 -742 853
-761 -872 881
-746 -760 824
-741 -767 856
-776 -796 874
-801 -765 730
-891 -861 732
-739 -872 743
-765 -723 725
-873 -711 895
-871 -824 891
-851 -876 854
-888 -828 846
-756 -767 783
-861 -722 820
-743 -732 795
-820 -836 849
-756 -762 743
-828 -736 820
-867 -750 809
-815 -877 764
-769 -873 810
92
1000 1000 1000
-965 -965 -965
-968 -967 -948
-969 -959 -980
-982 -960 -949
-973 -977 -958
-972 -977 -953
-974 -956 -981
-974 -974 -971
-967 -952 -951
-951 -973 -970
-969 -980 -966
-961 -961 -958
-973 -965 -959
-966 -958 -969
-982 -950 -962
-966 -981 -971
-955 -952 -948
-967 -965 -975
-951 -970 -964
-959 -950 -952
-976 -977 -956
-957 -966 -960
-975 -951 -948
-966 -969 -970
-963 -965 -952
-970 -952 -961
-961 -979 -976
-982 -974 -951
-981 -954 -959
-970 -951 -956
-965 -965 -974
-965 -973 -978
-975 -969 -974
-954 -953 -981
-965 -950 -962
-959 -966 -954
-976 -966 -959
-981 -972 -954
-948 -969 -959
-972 -951 -954
-958 -955 -952
-980 -974 -981
-957 -961 -966
-968 -974 -969
-966 -951 -978
-981 -963 -958
-959 -962 -962
-959 -956 -974
-976 -957 -960
-969 -967 -955
-961 -962 -972
-953 -981 -975
-966 -963 -950
-979 -950 -961
-965 -977 -957
-967 -954 -974
-957 -973 -960
-954 -954 -957
-962 -973 -977
-956 -966 -967
-978 -978 -950
-982 -965 -977
-982 -954 -954
-958 -965 -971
-978 -979 -954
-968 -970 -976
-961 -963 -956
-975 -956 -978
-955 -975 -970
-957 -958 -951
-960 -966 -961
-956 -960 -959
-955 -957 -960
-981 -969 -981
-954 -976 -956
-973 -977 -978
-957 -962 -949
-976 -957 -968
-949 -974 -973
-981 -958 -965
-955 -982 -968
-950 -969 -963
-970 -960 -959
-975 -953 -964
-977 -958 -975
-980 -961 -970
-955 -974 -962
-968 -962 -976
-969 -975 -953
-954 -953 -974
-976 -963 -968
-956 -965 -961
-977 -979 -960
89
1000 -1000 1000
-1 -1 2
2 2 14
-8 -2 8
5 5 8
0 1 -17
2 4 12
0 -1 17
-7 -6 -5
6 -6 -6
-8 4 6
-6 -4 8
2 8 -8
-8 0 10
-4 -5 9
-7 8 -3
0 8 -10
-4 8 6
-2 4 -12
6 8 4
8 0 10
-6 7 5
-8 4 -6
-7 -8 3
2 -8 -8
4 4 10
-7 -1 10
7 2 -9
0 7 11
8 1 -9
7 -1 10
7 8 3
1 -6 -11
4 0 14
-2 1 15
-3 1 -14
-5 0 13
-8 7 3
7 -7 -4
1 -2 15
-7 -5 6
-5 -4 -9
0 3 15
-2 -8 8
-1 8 -9
5 0 13
0 0 -18
-3 -4 11
-4 6 -8
0 -8 -10
1 7 10
-7 5 6
7 0 11
3 0 -15
-3 -3 12
8 7 -3
0 -3 15
-3 6 9
-8 7 -3
3 -8 -7
8 4 -6
3 7 8
7 6 -5
-8 2 -8
0 5 13
-3 1 14
8 -8 -2
8 2 -8
8 2 8
0 2 -16
2 0 -16
1 -5 -12
-5 2 11
5 2 11
4 2 -12
8 8 2
7 3 8
1 1 -16
-8 1 9
8 -3 7
-3 8 7
2 -2 14
2 2 -14
-3 -4 -11
-7 0 -11
-3 -6 -9
1 0 -17
0 0 18
3 -2 -13
7 -1 -10
-4 -5 -9
94
1000 1000 1000
1 0 4
-11 -11 -3
-9 7 9
-9 9 7
-10 -8 7
3 -11 -11
-6 -15 4
1 14 -10
10 -11 4
4 -15 -6
11 -5 -9
8 10 7
3 -20 2
-3 -22 0
-7 -17 1
10 15 0
5 16 -4
-5 11 -9
2 -22 -1
-3 18 4
2 -17 -6
11 7 7
-9 11 -5
2 12 11
0 -23 -2
10 12 3
11 -13 -1
6 12 -7
-5 -9 11
-8 -11 6
-2 -23 0
-1 -13 11
-3 -11 -11
4 -13 8
0 -14 11
-8 -9 8
-11 -13 1
-11 -10 -4
-4 21 0
-10 -4 11
-7 -8 -10
1 -23 1
-2 -18 5
8 -15 -2
2 13 10
9 8 -8
8 -7 -10
-9 -7 9
0 19 6
11 -6 8
7 7 11
9 -15 1
-1 -18 -6
-6 -9 10
2 -18 -5
5 14 6
-4 -14 -7
1 17 7
-5 -19 -1
0 14 -11
-4 12 -9
2 16 7
-3 13 -9
11 -11 3
7 -9 9
9 -12 -4
-11 -4 -10
0 -21 -4
0 -15 10
-11 -14 0
2 -12 11
-8 9 -8
-8 -10 7
1 -20 -4
3 17 5
6 -18 -1
0 18 7
-5 -13 -7
8 16 -1
8 13 -4
6 15 -4
0 24 -1
-1 23 1
-8 10 -7
0 -16 -9
10 -6 -9
-5 13 -7
9 9 7
-11 -4 10
-8 14 3
2 17 -6
-4 -13 -8
-7 11 -7
3 13 9
-9 16 0
98
1000 1000 -1000
-980 -980 980
-974 -983 971
-986 -990 972
-985 -982 986
-988 -979 974
-979 -973 983
-977 -974 988
-988 -982 985
-990 -972 986
-971 -985 981
-977 -983 989
-981 -979 979
-986 -989 973
-979 -972 972
-979 -990 982
-987 -980 985
-983 -986 990
-984 -974 990
-974 -974 974
-983 -976 985
-986 -989 974
-978 -988 980
-984 -987 983
-978 -984 974
-990 -977 974
-986 -974 978
-983 -976 984
-979 -990 974
-983 -984 976
-974 -979 981
-978 -977 986
-975 -976 976
-989 -978 987
-980 -979 976
-989 -976 988
-989 -984 987
-986 -982 982
-974 -975 972
-978 -988 985
-977 -982 986
-980 -972 972
-979 -973 975
-989 -974 972
-987 -981 974
-975 -986 987
-972 -976 990
-978 -986 985
-972 -982 983
-990 -989 990
-987 -975 981
-989 -974 973
-979 -976 977
-974 -972 990
-985 -981 976
-984 -977 981
-973 -982 973
-973 -971 971
-986 -985 989
-973 -990 983
-987 -976 988
-985 -973 978
-988 -975 974
-971 -989 987
-975 -982 980
-985 -978 978
-989 -974 974
-971 -977 986
-972 -976 986
-975 -979 971
-983 -974 983
-972 -978 983
-976 -977 973
-982 -988 973
-984 -976 978
-986 -976 990
-990 -989 980
-989 -976 979
-990 -982 979
-971 -983 974
-982 -980 978
-978 -986 976
-972 -989 989
-978 -975 973
-974 -975 987
-980 -971 975
-977 -981 979
-990 -987 987
-979 -986 984
-974 -979 986
-984 -986 984
-986 -988 987
-982 -983 989
-983 -973 983
-971 -975 981
-981 -990 978
-982 -977 990
-978 -988 976
-985 -971 975
-990 -990 971
99
1000 -1000 -1000
-565 565 565
-639 723 548
-352 732 435
-697 353 706
-525 591 623
-468 677 689
-390 455 709
-422 532 359
-380 541 547
-372 566 630
-586 439 614
-768 563 378
-619 372 634
-456 464 477
-452 440 658
-545 696 597
-488 737 361
-426 614 725
-474 747 701
-743 430 511
-760 774 390
-730 451 745
-672 437 688
-605 542 443
-682 523 402
-568 546 633
-735 624 599
-386 681 730
-508 497 729
-513 383 740
-404 727 602
-565 397 780
-673 763 518
-532 386 652
-419 416 429
-620 733 699
-762 632 505
-748 578 361
-521 352 537
-481 598 752
-460 706 572
-760 538 771
-556 679 370
-683 618 537
-523 379 503
-703 430 709
-658 454 401
-441 593 695
-693 580 444
-686 394 685
-426 417 707
-383 374 781
-719 400 686
-742 782 549
-522 634 539
-569 447 619
-646 680 770
-501 409 626
-404 492 682
-633 389 677
-445 476 475
-649 592 549
-497 475 470
-418 598 589
-479 407 425
-683 648 412
-416 516 458
-537 455 500
-561 571 692
-568 518 637
-450 435 741
-778 759 697
-767 516 451
-572 694 485
-400 426 644
-384 408 478
-735 368 511
-470 782 483
-377 356 704
-712 451 468
-380 719 502
-406 373 564
-656 459 620
-421 745 695
-458 680 401
-672 655 744
-553 642 605
-510 774 752
-691 779 542
-584 699 420
-592 668 574
-498 687 763
-560 508 568
-395 649 487
-381 538 417
-513 705 600
-592 530 688
-671 393 439
-457 697 731
-707 359 509
9
0 0 0
-311 0 0
999 1000 1000
-111 0 0
1000 999 999
1000 1000 1000
999 999 999
1000 1000 999
1000 999 1000
999 1000 999
999 999 1000
96
1000 -1000 1000
-976 976 -976
-983 984 -972
-968 986 -980
-983 968 -968
-975 973 -969
-965 976 -985
-988 976 -976
-981 978 -979
-966 970 -986
-984 974 -978
-979 971 -978
-972 980 -966
-978 971 -975
-976 974 -969
-978 968 -965
-978 988 -979
-971 981 -985
-975 971 -967
-987 966 -973
-976 965 -969
-981 972 -966
-981 987 -985
-969 967 -987
-975 983 -967
-974 985 -973
-988 975 -979
-983 983 -966
-985 968 -983
-981 965 -976
-979 987 -972
-986 974 -972
-966 977 -967
-981 986 -979
-983 984 -983
-986 987 -975
-985 982 -967
-966 967 -982
-985 978 -976
-971 969 -971
-978 974 -987
-977 987 -977
-988 985 -978
-987 969 -984
-967 986 -981
-973 972 -976
-967 977 -978
-966 985 -968
-971 979 -968
-967 967 -970
-972 965 -967
-986 980 -967
-982 976 -973
-979 965 -967
-972 987 -975
-986 975 -979
-965 986 -967
-985 981 -978
-981 965 -973
-970 965 -978
-981 982 -972
-984 966 -966
-982 983 -978
-981 977 -988
-983 967 -971
-970 966 -981
-986 980 -988
-983 970 -966
-975 970 -970
-977 975 -986
-980 967 -975
-981 983 -985
-974 977 -987
-972 970 -972
-977 971 -987
-965 985 -974
-986 965 -988
-971 978 -970
-979 978 -972
-968 970 -970
-987 980 -976
-973 982 -974
-988 972 -972
-986 988 -985
-973 969 -968
-973 965 -976
-980 973 -973
-981 976 -972
-983 978 -975
-982 976 -979
-969 974 -974
-966 967 -972
-965 974 -981
-983 979 -968
-968 965 -986
-980 968 -982
-971 982 -985
-975 973 -979
100
-970 970 970
1000 -1000 -1000
978 976 -958
959 985 -960
959 962 -980
968 969 -973
980 976 -984
973 963 -980
959 983 -973
966 968 -979
958 960 -969
985 966 -982
976 977 -985
971 976 -971
962 963 -979
973 972 -983
972 958 -959
977 979 -977
967 962 -972
979 958 -970
976 956 -979
972 958 -967
984 985 -974
984 983 -971
956 962 -981
983 963 -970
962 967 -963
968 970 -985
974 957 -956
980 971 -980
978 960 -983
962 971 -981
965 968 -976
983 979 -968
972 968 -969
957 982 -970
959 970 -976
981 966 -964
984 983 -972
967 958 -976
976 960 -982
957 976 -963
958 964 -972
959 968 -961
968 958 -974
958 964 -968
980 984 -961
971 975 -957
967 960 -971
978 966 -985
966 982 -983
973 975 -970
965 964 -981
962 968 -965
976 985 -969
982 963 -961
980 964 -957
957 966 -979
978 980 -985
967 969 -980
977 970 -980
959 962 -956
963 960 -965
959 966 -958
959 959 -959
976 966 -983
973 975 -966
960 965 -972
977 978 -978
962 960 -982
961 980 -958
972 956 -966
978 983 -985
967 975 -972
982 969 -981
965 971 -980
960 965 -968
967 968 -985
968 959 -969
968 985 -971
980 970 -966
964 981 -967
976 977 -973
957 984 -983
977 979 -958
974 972 -974
984 971 -966
966 977 -973
972 983 -979
962 970 -980
971 982 -957
962 985 -975
973 976 -982
964 972 -957
976 983 -960
967 961 -978
958 959 -968
978 969 -982
960 964 -974
970 983 -980
973 983 -978
971 962 -969
2
-224 532 348
-808 334 349
-927 -823 413
-828 -866 462
100
-3 -1 5
-1000 1000 -1000
0 29 -10
10 12 17
-1 34 4
13 9 17
0 -34 -5
1 37 1
-4 -20 15
7 29 3
0 -25 -14
-7 26 6
-11 -15 13
-9 19 -11
-16 16 7
2 -19 -18
-11 -10 -18
-15 -11 -13
-12 -10 17
-17 -13 9
-14 18 7
-16 17 6
17 -14 -8
16 -17 6
17 -6 16
-3 29 7
11 -17 11
-7 22 10
3 -21 15
4 20 -15
-2 -25 -12
-3 -30 6
-4 -32 -3
-1 30 -8
6 -24 9
4 34 1
-9 26 4
11 17 11
2 -29 -8
-14 15 -10
-5 34 0
11 27 -1
-18 -4 -17
-13 17 9
-16 12 11
-17 -20 2
4 -19 -16
5 -24 10
-15 23 -1
7 -24 -8
-14 10 15
-8 -23 8
-2 33 4
-13 -11 -15
9 17 13
1 -35 -3
14 18 -7
-15 14 -10
0 24 15
11 10 -18
-11 -11 -17
3 -34 2
-1 -29 -9
6 -30 3
0 -33 -6
6 29 -4
-6 -22 -11
14 7 18
11 -21 7
-1 20 -18
-18 -14 7
15 -22 2
6 28 5
16 -19 4
-17 11 -11
1 20 18
17 -10 -12
-11 19 9
-16 23 0
10 28 -1
-16 -17 -6
-1 -32 -6
-4 27 8
-14 24 1
16 7 16
-11 17 -11
-3 28 -8
9 -24 6
15 6 18
-15 -14 -10
11 14 14
-13 -19 7
1 29 9
15 -18 6
-8 -31 0
0 34 5
0 27 12
18 11 10
-18 -16 5
16 19 -4
-6 16 17
-7 -16 -16
9
-311 0 0
0 0 0
1000 -1000 999
999 -1000 999
1000 -999 999
1000 -999 1000
-111 0 0
999 -999 999
1000 -1000 1000
999 -1000 1000
999 -999 1000
97
735 -735 -735
-1000 1000 1000
681 -820 -784
693 -796 -707
823 -742 -752
628 -839 -718
654 -682 -603
807 -790 -851
761 -821 -696
702 -810 -797
796 -701 -633
783 -735 -755
680 -867 -775
673 -737 -683
835 -664 -659
815 -795 -672
645 -656 -854
817 -603 -608
741 -846 -791
710 -643 -742
846 -702 -637
645 -734 -852
662 -796 -608
845 -769 -640
824 -659 -714
707 -654 -669
638 -762 -857
709 -608 -736
612 -652 -754
669 -650 -837
644 -800 -700
768 -636 -745
663 -616 -765
620 -644 -798
856 -809 -694
781 -617 -642
827 -630 -694
716 -698 -827
819 -838 -675
729 -768 -603
842 -820 -701
842 -859 -829
696 -733 -818
731 -604 -747
735 -735 -746
628 -656 -798
750 -832 -672
812 -795 -652
619 -761 -700
859 -719 -855
838 -791 -667
681 -705 -824
753 -727 -701
725 -673 -636
606 -687 -770
675 -830 -778
779 -734 -731
752 -666 -826
796 -837 -782
729 -761 -709
765 -756 -739
675 -630 -781
617 -643 -634
831 -803 -705
838 -661 -810
723 -822 -724
856 -846 -709
734 -829 -822
714 -771 -798
665 -648 -671
710 -733 -766
832 -641 -659
701 -786 -691
681 -747 -823
815 -710 -801
656 -693 -806
814 -716 -762
661 -809 -726
830 -795 -703
656 -800 -627
743 -693 -705
620 -730 -841
643 -730 -631
757 -735 -604
760 -656 -800
811 -687 -698
722 -733 -660
777 -691 -863
625 -757 -865
761 -813 -735
625 -621 -808
812 -724 -729
622 -833 -665
641 -812 -804
839 -867 -607
756 -652 -610
720 -823 -710
818 -857 -691
766 -642 -634
100
-984 -984 -984
1000 1000 1000
-984 -986 -984
-982 -979 -980
-989 -977 -981
-980 -989 -983
-984 -989 -980
-988 -981 -992
-986 -981 -979
-986 -984 -980
-986 -987 -983
-979 -990 -978
-977 -990 -989
-985 -992 -980
-986 -987 -982
-987 -983 -980
-990 -989 -989
-980 -979 -987
-988 -978 -982
-989 -977 -983
-992 -992 -979
-983 -989 -978
-990 -981 -985
-983 -991 -986
-990 -983 -988
-987 -986 -988
-989 -981 -983
-980 -980 -987
-990 -987 -980
-981 -982 -987
-986 -984 -978
-992 -991 -978
-987 -990 -985
-984 -982 -977
-977 -990 -978
-988 -981 -978
-990 -988 -987
-991 -982 -978
-987 -978 -979
-981 -992 -977
-986 -987 -992
-979 -985 -987
-979 -981 -981
-985 -978 -988
-985 -983 -987
-980 -983 -988
-988 -977 -990
-988 -983 -980
-992 -990 -991
-981 -979 -981
-992 -978 -979
-992 -983 -990
-979 -985 -981
-986 -979 -983
-984 -985 -977
-989 -988 -987
-977 -988 -988
-981 -983 -985
-982 -979 -985
-984 -977 -986
-985 -992 -978
-988 -987 -984
-980 -977 -979
-990 -979 -982
-983 -989 -990
-981 -987 -982
-985 -980 -988
-977 -981 -979
-988 -978 -979
-984 -982 -989
-978 -991 -992
-984 -992 -991
-986 -992 -990
-980 -985 -979
-983 -980 -992
-986 -982 -981
-980 -981 -991
-987 -983 -989
-980 -990 -980
-985 -992 -982
-977 -980 -980
-980 -990 -981
-992 -981 -990
-977 -983 -987
-983 -991 -992
-979 -982 -977
-986 -984 -988
-991 -979 -991
-986 -991 -984
-984 -984 -982
-983 -985 -983
-984 -980 -991
-983 -984 -991
-979 -990 -986
-991 -986 -990
-989 -987 -983
-979 -978 -979
-979 -986 -988
-984 -979 -978
-985 -990 -984
-979 -979 -981
-992 -987 -980
2
-1000 1000 -1000
1000 -1000 1000
-1000 999 -999
-1000 1000 -999
100
1000 1000 -1000
2 -4 -1
-13 -42 -47
10 -24 -68
39 28 35
-45 20 -37
-28 -23 -51
33 47 -22
3 -10 89
21 -39 42
-45 44 -13
30 -3 -69
-40 50 -12
37 -10 -55
11 12 -79
50 38 14
-10 45 47
17 32 53
23 12 -67
32 1 -69
40 21 -41
-11 32 59
10 -27 -65
-42 -6 -54
-44 -40 18
-1 -34 67
6 11 -85
-27 49 -26
-30 -13 59
-15 4 83
-15 34 53
-39 23 -40
-42 43 17
-5 33 -64
16 -34 52
-4 -34 -64
18 20 64
11 44 47
44 -33 -25
-22 -4 76
13 -42 -47
-34 -15 53
7 -50 -45
-2 -25 75
8 29 65
-14 41 -47
-25 -41 -36
35 42 25
-41 47 -14
-32 4 66
43 -18 41
28 25 49
0 41 61
36 7 59
3 -2 -97
47 -35 -20
29 0 -73
45 1 -56
31 35 36
47 4 -51
24 -9 -69
-4 0 98
-45 34 23
17 0 85
-38 -2 -62
-22 -23 57
0 -21 -81
23 4 -75
7 -2 93
7 -29 -66
26 31 45
-44 -18 40
10 24 68
-22 39 41
-36 -37 29
8 48 -46
28 20 -54
-1 7 94
37 -25 40
0 40 -62
-34 18 50
-40 -43 -19
22 -26 -54
-29 -50 23
-47 -5 50
-39 6 57
38 24 -40
-32 28 -42
22 -36 44
-8 -2 -92
24 43 -35
32 18 -52
4 33 65
-44 -29 29
43 1 -58
-50 9 43
-44 -6 52
28 32 42
22 -37 43
-27 -12 -63
2 25 75
33 0 69
100
-4 -3 -2
1000 1000 1000
10 -4 11
-10 -12 3
-5 16 4
10 -13 2
2 17 -6
-1 -14 10
7 14 -4
-2 -14 9
10 4 -11
7 8 -10
0 23 -2
11 10 -4
-11 9 5
4 -11 -10
0 18 7
11 5 9
2 12 -11
-8 6 -11
0 19 -6
-10 11 4
-4 19 -2
-11 10 4
-10 -4 11
2 -18 -5
-2 -15 -8
2 -17 6
-11 -9 -5
2 23 0
3 12 10
-5 20 0
-5 -16 -4
2 -15 8
-10 -8 -7
-11 -10 -4
-4 -13 8
4 -19 -2
2 13 -10
10 -9 6
-6 14 5
7 9 9
-2 12 -11
4 15 6
0 -16 -9
-3 -19 3
11 3 11
-10 -5 -10
-4 -19 2
-3 -17 -5
-6 -13 -6
5 19 1
4 14 7
-8 17 0
-10 -11 -4
9 -11 -5
7 -11 -7
4 17 -4
9 13 3
-9 11 5
-9 6 10
2 -15 -8
-11 8 6
-2 14 9
7 -9 9
9 -16 0
-5 -15 5
-4 -12 -9
11 -11 3
-9 -10 -6
-5 -10 -10
0 -22 -3
0 -20 5
2 16 7
7 9 -9
7 -10 -8
6 11 8
0 25 0
7 -13 -5
0 -19 6
6 -10 -9
-1 23 -1
11 -8 -6
1 14 10
-11 3 -11
0 20 5
3 -12 -10
-8 -12 -5
3 -20 -2
-1 17 -7
-8 -9 8
5 10 -10
9 5 11
8 -7 10
8 16 1
-3 -13 9
10 -11 4
-10 5 -10
0 -14 11
1 -20 4
6 -11 8
6 15 4
95
3 4 2
-1000 -1000 -1000
-19 6 7
21 -11 0
24 -2 -6
19 -1 -12
-22 -3 7
-13 12 -7
-18 7 7
30 0 -2
-17 13 -2
-24 -7 1
9 15 -8
-15 12 5
28 0 4
-21 5 -6
-16 -7 -9
-13 -15 -4
-6 12 -14
-2 15 -15
15 15 2
-20 1 11
25 5 -2
19 -9 -4
22 10 0
17 2 -13
16 -9 -7
-11 14 -7
-7 -10 15
14 6 -12
-21 0 -11
18 -3 11
-9 12 -11
-23 1 -8
21 -9 2
-6 -11 15
17 -9 -6
-13 -9 -10
13 -10 -9
-26 -3 3
15 -8 -9
-14 -9 9
18 -2 -12
-17 14 -1
-28 -3 -1
21 0 -11
18 -8 6
-18 12 -2
-12 -8 -12
16 -5 11
29 -3 0
-4 14 14
7 15 -10
-13 7 12
18 11 3
-21 -9 2
-17 -11 -4
16 5 -11
15 -13 -4
-31 0 -1
20 -12 0
23 -4 -5
-18 13 -1
-16 1 15
7 -15 -10
-7 12 -13
20 12 0
27 -3 2
-21 -4 -7
12 11 -9
-14 4 14
-8 14 10
10 14 -8
8 11 13
-4 15 13
19 1 12
-11 15 6
12 -5 15
-11 -9 -12
25 7 0
-22 0 10
-14 5 13
-13 14 5
19 -6 7
-29 -2 -1
25 -4 3
-17 8 7
15 10 7
-13 12 7
-28 -4 0
-23 -1 -8
5 15 12
-17 -13 -2
-19 8 5
20 0 12
14 4 14
-11 7 -14
98
1000 -1000 -1000
-988 988 988
-989 990 985
-983 990 987
-983 983 988
-984 985 986
-992 987 987
-985 986 983
-992 987 985
-986 986 994
-990 992 990
-985 994 985
-990 988 994
-989 990 983
-991 987 989
-992 987 984
-987 983 992
-987 994 986
-987 991 989
-994 987 984
-987 988 983
-989 985 985
-994 986 987
-993 991 984
-983 994 994
-993 984 990
-986 993 987
-990 993 983
-988 990 987
-993 987 984
-989 986 990
-989 989 987
-989 988 987
-993 992 990
-984 986 994
-988 984 983
-991 994 986
-985 985 985
-988 987 987
-988 991 987
-993 983 988
-989 989 990
-990 984 992
-991 991 988
-990 984 984
-988 993 993
-986 983 989
-990 992 992
-983 986 990
-994 984 984
-988 994 988
-989 992 994
-988 987 993
-991 987 990
-991 989 992
-986 986 992
-992 987 993
-990 993 990
-986 983 983
-993 990 985
-991 991 987
-983 988 983
-992 983 987
-988 987 988
-992 986 983
-987 986 988
-988 994 991
-991 984 984
-990 989 989
-990 991 993
-987 983 993
-992 988 990
-992 991 985
-994 989 985
-994 993 987
-983 987 990
-988 989 983
-991 992 994
-989 994 991
-992 986 993
-986 993 986
-986 986 988
-985 991 986
-990 992 993
-988 983 990
-989 984 986
-990 992 986
-992 992 983
-983 983 990
-989 993 983
-986 985 986
-984 993 983
-991 986 992
-988 990 994
-992 988 988
-990 983 986
-994 987 990
-989 994 988
-986 993 990
-994 985 992
4
0 0 -300
0 0 0
-1000 -1000 1000
-1000 1000 1000
1000 1000 1000
1000 -1000 1000
89
-987 987 987
1000 -1000 -1000
-990 986 986
-985 993 989
-985 988 991
-986 984 992
-988 988 992
-986 990 982
-990 982 992
-987 984 981
-987 992 987
-983 982 988
-982 986 987
-988 983 985
-988 991 982
-982 983 989
-993 986 993
-981 987 990
-993 989 989
-982 991 985
-992 981 993
-991 987 984
-987 990 991
-981 992 989
-993 990 984
-993 988 992
-985 989 989
-985 981 986
-987 987 984
-993 986 983
-992 991 984
-992 990 984
-991 987 982
-990 983 983
-988 981 982
-986 983 991
-991 989 983
-986 990 983
-984 986 988
-984 986 981
-989 993 990
-986 993 985
-989 990 985
-985 987 993
-985 983 989
-993 982 981
-987 985 982
-992 989 993
-984 984 984
-982 983 988
-987 981 993
-991 991 986
-993 992 988
-992 983 984
-983 984 988
-981 987 993
-989 989 983
-981 982 990
-984 993 981
-984 988 992
-991 984 991
-983 982 990
-993 988 984
-988 984 982
-986 985 988
-992 984 988
-987 984 990
-989 988 981
-984 984 983
-993 982 984
-992 982 993
-993 986 988
-991 981 984
-993 989 982
-986 989 982
-989 989 987
-991 990 990
-981 984 981
-981 987 987
-988 993 987
-986 987 988
-982 990 986
-981 982 983
-987 990 985
-984 989 988
-990 993 987
-985 981 993
-993 987 991
-981 988 981
-992 984 991
-992 991 983
2
940 827 -497
-1000 -1000 1000
939 827 -497
940 826 -497
100
0 -4 -3
-1000 1000 -1000
-29 28 -24
40 28 13
-41 -39 1
26 -33 22
34 30 -17
51 -28 -2
-47 13 -21
-23 26 -32
41 39 -1
-24 -29 -28
45 13 23
-51 -1 -29
-18 -33 30
-55 8 18
-20 -31 -30
45 -16 20
-24 -30 -27
-26 -21 -34
-55 26 0
-62 14 5
-49 0 32
41 -25 -15
-28 39 -14
-21 31 29
-49 9 -23
-12 -36 -33
-45 36 0
-18 -27 36
50 -19 12
-42 20 19
24 18 -39
-57 -23 1
27 24 30
-57 22 -2
45 9 27
-41 -10 30
39 31 -11
12 31 -38
-49 -7 25
36 -20 25
43 11 27
-38 26 -17
-52 2 27
-42 18 -21
40 14 27
20 30 31
55 5 -21
-41 24 -16
62 -8 11
62 4 -15
-32 -19 -30
17 30 34
12 30 39
-39 32 -10
-34 12 35
-47 -6 -28
41 -13 27
-69 9 3
-42 -24 15
-52 -24 5
-46 7 -28
-67 8 6
46 29 6
-50 -13 18
61 -10 10
40 -16 -25
44 28 9
-48 20 13
65 2 -14
48 -1 -32
22 25 34
65 -8 -8
56 -2 -23
-49 26 6
29 34 -18
14 -34 33
-59 -22 0
68 13 0
44 37 0
-63 -3 15
-29 17 35
28 26 27
-44 -10 27
-23 33 25
75 0 -6
43 9 29
-52 5 24
50 -31 0
53 20 8
-45 31 -5
-33 -22 -26
-35 21 -25
29 -39 -13
12 30 -39
-22 -24 35
-51 22 -8
-58 -11 12
56 5 20
-38 -26 -17
-52 -13 16
2
-1000 1000 1000
727 -571 -337
726 -571 -337
727 -570 -337
2
222 -743 -629
-1000 1000 1000
222 -742 -629
221 -743 -629
96
-1000 -1000 1000
-2 -4 4
-20 20 20
-19 -2 -39
-27 17 16
-16 24 20
-27 24 9
-25 -12 23
1 12 -47
-9 21 30
2 25 33
-5 1 54
10 24 -26
16 -27 -17
-14 23 23
-6 18 36
-4 0 -56
6 -18 36
-26 -19 -15
6 2 -52
4 12 44
-12 -14 34
-12 21 27
18 -9 -33
-14 -13 33
-24 15 21
-2 13 45
0 0 60
9 6 -45
9 14 -37
12 24 -24
23 -29 -8
0 11 -49
-27 21 -12
10 -28 -22
-21 4 35
-26 19 -15
-27 0 -33
-26 28 6
-26 9 25
8 23 29
-12 24 -24
13 -5 42
1 2 -57
-22 14 24
-9 28 23
-27 -8 25
29 12 -19
0 26 34
-21 -22 17
17 29 14
-2 -28 -30
9 18 33
-14 12 34
-16 15 -29
22 0 -38
-19 12 29
-11 12 37
-4 4 52
16 -12 32
13 0 47
19 8 -33
22 4 34
7 3 50
-19 -17 24
6 17 -37
0 25 -35
21 11 -28
-4 15 -41
-29 16 15
13 -1 -46
17 10 -33
-23 -24 -13
6 -17 37
18 -15 -27
12 7 41
-8 -13 39
4 4 52
26 28 -6
17 -27 16
-16 6 -38
14 -16 -30
-5 -16 -39
28 -8 24
17 -1 42
-5 11 -44
15 -26 19
19 13 -28
-5 -24 31
-9 -24 27
1 19 -40
24 14 22
12 -18 -30
15 20 -25
16 -11 33
14 9 -37
-10 0 -50
25 24 -11
96
-989 -989 -989
1000 1000 1000
-986 -992 -991
-990 -986 -990
-985 -988 -994
-994 -988 -993
-990 -989 -986
-993 -992 -993
-990 -994 -990
-987 -992 -992
-984 -989 -994
-986 -987 -988
-990 -992 -994
-986 -988 -988
-993 -989 -993
-991 -993 -994
-989 -993 -991
-984 -988 -988
-984 -991 -988
-986 -987 -989
-990 -992 -986
-989 -985 -986
-989 -987 -985
-993 -988 -984
-989 -989 -992
-984 -986 -988
-992 -991 -990
-990 -991 -992
-985 -993 -992
-986 -994 -990
-987 -985 -988
-989 -985 -985
-990 -986 -988
-989 -988 -993
-987 -992 -987
-992 -994 -986
-987 -990 -991
-984 -994 -993
-991 -987 -985
-989 -989 -988
-986 -992 -989
-994 -986 -984
-989 -988 -984
-987 -989 -993
-991 -991 -990
-987 -986 -991
-985 -986 -994
-993 -993 -990
-985 -993 -994
-991 -991 -994
-992 -990 -994
-986 -987 -994
-988 -991 -986
-986 -985 -987
-986 -990 -988
-993 -993 -991
-990 -991 -993
-990 -984 -993
-992 -988 -991
-985 -990 -990
-989 -991 -987
-987 -985 -993
-990 -993 -993
-987 -993 -988
-986 -987 -985
-987 -988 -990
-985 -985 -990
-992 -994 -993
-991 -991 -989
-985 -987 -990
-992 -984 -987
-989 -992 -987
-993 -987 -989
-989 -993 -986
-992 -990 -991
-992 -987 -991
-993 -986 -993
-988 -994 -989
-990 -988 -994
-989 -994 -991
-994 -986 -993
-993 -992 -994
-985 -990 -989
-990 -993 -985
-988 -987 -987
-992 -991 -989
-989 -988 -990
-989 -991 -986
-994 -986 -988
-989 -986 -989
-986 -985 -991
-991 -994 -992
-994 -990 -988
-993 -994 -986
-991 -989 -991
-986 -988 -993
-994 -991 -992
-992 -989 -989
2
-1000 1000 -1000
698 -220 291
697 -220 291
698 -220 290
99
4 3 1
-1000 -1000 1000
7 -33 48
31 3 -54
39 -19 -30
-31 7 50
11 -37 -40
-22 -27 -39
0 -15 73
19 9 60
-39 -43 -6
-1 -17 70
37 22 29
18 40 -30
-24 42 22
-3 32 53
-21 -8 59
-5 27 56
-7 12 -69
-43 30 -15
38 3 47
-33 -10 45
42 -43 -3
18 33 -37
3 -21 -64
20 -7 -61
-7 -36 -45
8 6 -74
-32 -10 46
-42 -9 -37
11 4 -73
-7 -27 54
18 42 28
34 -7 47
23 40 25
-29 3 56
1 22 65
30 14 44
-5 -9 -74
33 43 12
28 -6 -54
-1 -19 68
-29 -38 -21
27 -25 36
-4 5 -79
-4 -28 56
16 33 39
24 -16 48
35 38 15
-25 -14 -49
38 -36 14
-8 -28 -52
33 -28 27
-24 25 -39
-30 -19 39
32 2 54
-32 14 -42
-17 2 -69
-24 -10 54
13 -43 -32
-29 9 -50
-14 -24 -50
-2 -34 52
43 1 44
19 -39 30
-21 1 66
33 6 -49
-1 -43 44
-7 6 75
21 34 33
29 -30 -29
-18 21 49
-26 15 47
-11 33 -44
-17 -35 -36
-34 -11 43
16 34 -38
-9 27 52
3 -15 70
-7 15 66
-36 -6 46
26 24 38
5 42 41
-2 -40 -46
-17 23 48
17 -22 -49
37 -9 -42
25 -27 -36
-15 -16 -57
-8 -15 -65
-15 11 62
-35 0 53
-32 25 31
27 3 -58
-35 -18 35
43 42 -3
-3 -6 -79
-23 14 -51
-22 -26 40
37 1 50
40 -18 30
93
941 -941 941
-1000 1000 -1000
955 -942 919
914 -969 926
967 -961 955
965 -934 961
934 -962 952
934 -956 933
925 -916 930
933 -962 927
922 -943 924
928 -919 943
962 -915 946
954 -913 954
917 -947 926
969 -937 919
945 -914 946
927 -919 915
967 -953 944
912 -912 962
940 -965 962
928 -969 952
925 -942 970
925 -912 949
957 -961 929
957 -919 947
934 -922 967
929 -923 912
960 -925 941
927 -930 912
941 -926 945
919 -943 952
930 -920 968
944 -946 950
968 -967 945
958 -939 949
961 -927 942
955 -967 922
913 -917 921
966 -917 922
919 -967 924
925 -939 937
945 -940 956
936 -940 953
966 -922 970
954 -936 917
966 -923 964
926 -967 937
913 -949 921
935 -929 965
922 -924 945
923 -932 925
950 -942 970
913 -954 951
966 -970 949
935 -964 912
928 -946 966
950 -943 947
942 -943 939
961 -966 965
935 -915 955
923 -964 912
947 -956 923
954 -950 964
934 -946 968
943 -946 918
960 -964 947
932 -919 957
940 -956 955
956 -947 935
938 -954 933
920 -926 956
968 -920 928
962 -949 926
948 -913 942
953 -949 967
938 -932 942
936 -925 917
963 -941 954
922 -920 918
961 -948 921
970 -959 919
915 -924 922
928 -961 931
912 -957 944
917 -965 969
942 -947 957
966 -957 963
968 -924 933
934 -952 951
969 -943 917
949 -958 956
926 -969 924
921 -950 947
919 -952 960
2
-1000 1000 -1000
64 -476 226
64 -475 226
64 -476 225
95
1000 -1000 -1000
-783 783 783
-850 720 826
-716 854 876
-745 777 747
-691 697 680
-837 691 727
-850 730 866
-864 705 850
-842 686 771
-847 781 770
-814 708 834
-773 868 714
-760 759 682
-684 819 841
-774 680 746
-728 755 791
-687 835 802
-680 780 871
-734 729 721
-705 746 870
-870 869 762
-830 716 706
-850 755 828
-860 777 690
-745 783 891
-734 787 828
-701 874 844
-883 882 864
-794 854 715
-736 774 759
-839 770 799
-828 688 758
-682 766 842
-768 860 876
-815 865 857
-679 811 881
-713 884 703
-719 852 794
-760 738 787
-824 721 753
-705 834 711
-784 688 694
-736 833 847
-709 847 792
-888 856 696
-864 768 861
-676 848 883
-838 703 785
-812 727 720
-840 683 854
-790 678 881
-765 675 795
-767 701 764
-682 698 836
-858 808 812
-735 708 789
-880 686 885
-768 862 753
-876 707 772
-773 719 859
-754 851 719
-753 858 709
-690 706 746
-680 797 814
-758 686 888
-747 812 790
-874 741 729
-718 842 792
-785 842 795
-688 820 827
-805 711 752
-717 767 847
-720 700 757
-867 801 704
-691 827 684
-814 745 800
-795 815 865
-707 697 868
-841 778 737
-859 743 698
-690 711 767
-831 792 760
-705 730 798
-724 759 788
-826 764 777
-752 727 714
-831 770 864
-851 779 749
-715 862 796
-779 746 807
-731 709 773
-723 796 683
-720 766 757
-696 788 747
-832 694 797
-852 694 809
2
517 -333 -109
469 -570 -507
-702 385 238
-663 453 213
91
-952 952 -952
1000 -1000 1000
-953 969 -946
-976 961 -947
-954 949 -934
-938 973 -970
-943 958 -958
-945 942 -958
-961 946 -941
-944 958 -950
-973 967 -973
-975 939 -944
-971 966 -938
-954 949 -965
-972 955 -967
-964 960 -933
-968 947 -972
-936 943 -973
-959 962 -939
-933 945 -959
-960 962 -957
-944 948 -968
-943 945 -962
-929 972 -937
-934 966 -964
-931 962 -975
-969 944 -955
-943 957 -975
-933 971 -960
-973 973 -959
-967 935 -939
-968 941 -957
-936 967 -930
-974 940 -971
-974 946 -969
-975 936 -929
-950 972 -939
-966 947 -958
-947 934 -956
-930 942 -942
-948 968 -964
-972 971 -957
-932 961 -967
-935 961 -935
-951 929 -940
-959 969 -946
-965 959 -931
-957 971 -966
-932 946 -960
-954 962 -953
-967 974 -945
-972 959 -951
-960 941 -962
-966 934 -975
-967 943 -970
-929 952 -959
-929 958 -975
-950 935 -947
-930 959 -936
-964 954 -967
-943 938 -932
-967 960 -966
-967 975 -931
-967 972 -969
-962 976 -950
-955 930 -967
-963 962 -959
-944 959 -960
-943 947 -941
-972 935 -976
-935 956 -943
-933 940 -944
-962 931 -946
-976 953 -933
-941 955 -957
-940 969 -972
-973 955 -941
-946 957 -949
-952 959 -949
-975 947 -941
-957 956 -945
-938 935 -943
-955 954 -945
-961 970 -952
-951 948 -948
-936 976 -938
-957 940 -945
-968 973 -951
-937 946 -933
-947 953 -972
-959 949 -929
-960 965 -956
-955 942 -936
2
-1000 1000 -1000
415 -947 306
415 -947 305
414 -947 306
95
-912 912 912
1000 -1000 -1000
-923 925 889
-894 945 922
-935 881 913
-912 935 941
-870 915 906
-895 919 934
-887 923 942
-917 902 874
-910 918 892
-929 879 912
-872 910 941
-952 871 943
-898 884 932
-952 900 899
-934 896 877
-937 875 919
-920 901 941
-914 916 944
-924 940 927
-917 903 905
-950 930 873
-925 933 924
-879 870 929
-888 946 925
-920 917 917
-952 955 914
-921 947 883
-899 881 928
-897 937 922
-922 877 926
-912 934 894
-930 918 941
-876 869 912
-917 876 869
-897 897 880
-900 884 895
-875 916 939
-887 917 879
-934 929 918
-899 952 916
-870 938 917
-870 895 933
-928 933 896
-871 872 911
-950 955 924
-940 937 886
-935 929 902
-929 875 881
-944 916 889
-914 950 923
-918 898 897
-873 911 931
-911 906 937
-886 928 918
-923 909 931
-882 935 905
-926 908 897
-944 878 871
-904 899 903
-933 935 955
-925 926 955
-924 880 954
-927 883 931
-900 921 877
-887 869 890
-939 885 930
-929 885 869
-877 906 890
-915 906 891
-883 947 919
-894 953 886
-947 881 906
-891 910 946
-946 904 952
-939 882 946
-889 943 929
-895 883 903
-890 911 907
-900 890 930
-895 874 911
-881 913 930
-872 882 914
-890 940 936
-908 934 891
-951 944 895
-903 886 878
-884 899 932
-921 923 891
-955 948 920
-926 928 922
-882 890 932
-890 954 906
-871 914 881
-952 906 869
-888 913 948
99
1000 -1000 -1000
-983 983 983
-985 988 978
-985 988 988
-988 975 990
-990 983 988
-980 980 991
-980 989 985
-979 991 987
-978 983 983
-978 976 975
-975 987 980
-975 977 982
-989 986 977
-978 985 980
-976 987 978
-976 976 976
-985 977 987
-975 991 987
-988 987 983
-977 991 987
-983 977 981
-981 983 989
-987 979 988
-977 991 979
-984 979 990
-989 986 988
-983 986 988
-976 978 990
-975 975 983
-981 991 979
-978 975 982
-984 988 981
-986 983 990
-990 984 980
-990 978 975
-984 987 985
-985 991 981
-986 984 981
-975 979 983
-982 987 975
-981 990 981
-990 990 979
-979 984 989
-984 977 982
-983 988 981
-988 991 978
-991 980 990
-987 975 988
-979 976 987
-991 989 977
-988 977 991
-988 978 977
-984 981 984
-985 977 988
-978 989 991
-988 988 975
-981 990 977
-987 977 977
-989 983 985
-987 990 978
-988 991 985
-976 991 986
-982 988 987
-984 989 984
-990 980 989
-981 982 988
-986 991 984
-977 977 983
-979 990 989
-980 978 985
-982 979 975
-983 982 983
-980 982 984
-990 988 980
-979 979 978
-986 988 984
-975 989 976
-986 979 986
-976 982 984
-986 988 982
-978 991 988
-989 985 986
-986 975 977
-979 985 983
-987 982 985
-976 976 985
-980 975 990
-984 977 985
-991 991 975
-978 976 981
-978 988 986
-981 981 989
-983 991 984
-978 983 978
-991 987 991
-976 983 984
-988 989 983
-990 983 979
-981 985 980
-984 984 978
97
-1000 1000 1000
978 -978 -978
972 -979 -989
981 -983 -988
972 -987 -982
970 -987 -968
976 -982 -977
969 -984 -980
981 -986 -972
982 -986 -981
986 -981 -987
976 -971 -980
978 -976 -989
977 -968 -976
987 -984 -976
984 -980 -983
972 -987 -978
970 -987 -985
975 -980 -971
970 -986 -977
986 -982 -976
988 -970 -988
985 -984 -989
978 -989 -973
986 -988 -984
974 -988 -987
980 -989 -985
989 -984 -975
984 -969 -985
977 -986 -986
971 -974 -968
984 -989 -970
970 -972 -982
987 -987 -973
984 -977 -979
985 -989 -972
977 -969 -983
969 -977 -986
982 -971 -973
970 -971 -988
987 -984 -987
982 -974 -974
980 -988 -969
978 -984 -969
984 -983 -981
972 -983 -985
978 -972 -985
982 -989 -989
978 -979 -984
969 -978 -968
984 -970 -979
985 -985 -976
975 -979 -982
973 -974 -975
980 -970 -977
973 -976 -978
971 -970 -983
973 -984 -982
988 -986 -985
983 -989 -985
981 -971 -982
984 -971 -968
974 -983 -974
976 -974 -988
979 -969 -983
987 -981 -968
978 -984 -982
968 -968 -988
970 -971 -976
978 -978 -981
969 -989 -969
987 -988 -974
975 -971 -989
968 -977 -977
987 -978 -977
976 -980 -983
974 -977 -983
970 -983 -978
968 -979 -975
974 -974 -982
989 -983 -975
970 -981 -984
970 -969 -983
973 -979 -971
969 -968 -976
973 -981 -973
968 -972 -989
986 -979 -968
972 -972 -971
988 -981 -968
989 -986 -970
978 -973 -970
972 -971 -975
985 -980 -979
976 -977 -985
976 -985 -975
968 -982 -968
971 -974 -986
986 -968 -981
96
-1000 1000 1000
760 -760 -760
720 -839 -673
787 -808 -739
668 -746 -646
819 -671 -659
662 -653 -843
641 -691 -727
858 -705 -819
687 -800 -788
864 -703 -780
844 -661 -825
701 -757 -742
828 -752 -816
642 -819 -850
674 -725 -673
796 -768 -851
716 -729 -682
827 -767 -660
831 -682 -794
711 -834 -676
816 -859 -725
679 -810 -658
695 -732 -684
859 -689 -695
875 -701 -644
842 -777 -879
740 -813 -709
644 -754 -648
656 -843 -721
713 -752 -659
742 -758 -701
813 -667 -775
717 -856 -728
670 -716 -808
813 -723 -840
689 -646 -722
750 -776 -657
641 -768 -679
824 -692 -737
685 -855 -793
697 -653 -761
860 -661 -747
830 -696 -842
669 -726 -856
703 -650 -696
870 -651 -692
689 -789 -880
700 -649 -781
724 -817 -798
663 -756 -799
715 -860 -860
738 -731 -661
849 -752 -738
713 -644 -858
771 -697 -711
838 -845 -660
867 -644 -677
740 -684 -696
681 -865 -863
796 -763 -869
781 -673 -770
840 -805 -662
877 -812 -790
728 -784 -856
811 -670 -660
863 -806 -646
686 -679 -684
789 -734 -702
663 -878 -829
780 -746 -698
692 -710 -803
837 -832 -689
711 -731 -749
754 -751 -656
810 -863 -867
674 -855 -841
708 -800 -876
667 -685 -721
674 -785 -712
649 -794 -685
871 -659 -692
812 -875 -642
689 -805 -673
836 -712 -711
834 -673 -713
819 -641 -666
797 -654 -759
825 -705 -875
849 -752 -828
797 -761 -864
713 -645 -871
743 -783 -819
740 -798 -658
729 -664 -647
849 -674 -798
676 -753 -823
871 -727 -832
2
-1000 -1000 1000
1000 1000 -1000
1000 1000 -999
999 1000 -999
95
-920 920 -920
1000 -1000 1000
-952 931 -908
-902 914 -953
-944 890 -949
-902 910 -933
-914 921 -914
-885 909 -947
-895 954 -950
-931 941 -950
-931 926 -932
-914 907 -887
-946 940 -936
-940 916 -891
-960 955 -906
-881 920 -927
-903 938 -928
-921 924 -889
-885 947 -912
-956 903 -959
-952 931 -945
-890 906 -951
-929 903 -911
-926 920 -957
-952 953 -915
-953 952 -944
-953 948 -895
-890 910 -923
-910 929 -929
-949 900 -884
-951 952 -892
-889 911 -882
-939 900 -909
-886 894 -930
-882 931 -887
-926 908 -939
-905 935 -888
-949 905 -920
-895 948 -884
-939 926 -898
-904 894 -893
-907 911 -921
-928 923 -928
-939 934 -903
-940 957 -904
-903 881 -902
-883 948 -925
-956 949 -955
-914 896 -888
-937 917 -889
-895 938 -907
-933 892 -924
-924 941 -956
-944 912 -900
-898 933 -892
-946 907 -933
-925 913 -959
-933 890 -905
-920 944 -951
-925 931 -933
-911 898 -934
-947 949 -893
-911 919 -930
-910 905 -887
-881 957 -895
-907 920 -936
-917 916 -937
-917 903 -886
-902 898 -886
-930 893 -930
-882 917 -919
-929 952 -898
-958 909 -947
-928 945 -890
-946 883 -907
-893 887 -948
-945 918 -946
-933 946 -931
-913 937 -942
-948 952 -896
-919 947 -885
-904 918 -913
-896 930 -916
-919 905 -894
-932 890 -946
-902 904 -920
-944 915 -942
-955 913 -911
-890 952 -924
-892 924 -960
-929 951 -897
-908 887 -883
-901 954 -897
-960 899 -919
-892 926 -895
-891 952 -908
-894 924 -949
92
606 -606 606
-1000 1000 -1000
781 -604 544
469 -667 482
742 -501 753
588 -599 651
713 -634 664
553 -714 596
498 -759 490
586 -573 549
653 -468 647
688 -624 704
673 -487 462
730 -536 720
717 -761 427
561 -729 743
435 -631 453
658 -496 615
465 -449 505
735 -581 798
642 -450 617
593 -668 641
579 -581 584
715 -428 503
773 -417 700
444 -700 792
776 -789 544
728 -523 734
683 -448 608
491 -666 552
633 -653 770
685 -612 787
802 -593 649
709 -496 620
532 -604 751
508 -538 696
667 -508 714
772 -676 535
687 -437 427
712 -411 777
519 -413 786
535 -582 715
557 -773 653
412 -755 502
638 -628 526
721 -469 786
770 -502 790
694 -707 421
620 -549 670
475 -709 468
788 -467 488
761 -631 713
670 -759 443
738 -684 627
778 -534 607
709 -505 557
491 -646 584
480 -794 721
673 -556 465
771 -682 787
426 -496 770
542 -645 506
797 -473 800
591 -519 478
578 -751 446
553 -431 761
633 -510 684
604 -586 760
689 -526 535
782 -475 478
602 -537 416
781 -648 588
694 -755 672
444 -727 638
443 -597 494
449 -776 523
429 -770 422
748 -570 663
691 -461 732
524 -491 675
697 -578 675
528 -589 728
532 -599 475
412 -622 783
759 -560 527
788 -775 632
598 -592 743
604 -434 519
495 -611 683
733 -433 554
540 -760 714
429 -771 664
430 -792 522
764 -665 481
2
-1000 -1000 -1000
1000 1000 1000
1000 -1000 999
999 -1000 999
95
-1000 -1000 -1000
974 974 974
985 976 970
963 976 987
985 972 982
978 979 973
966 966 968
964 979 977
981 987 984
977 977 977
981 986 963
981 964 968
978 985 966
971 972 985
981 976 968
971 976 980
972 976 979
977 974 965
986 983 964
973 980 970
970 986 986
965 970 968
968 980 962
971 981 986
963 980 962
979 973 978
984 985 980
973 977 968
967 977 980
968 985 969
963 977 982
987 980 985
975 977 970
965 970 977
974 967 966
962 979 977
973 973 980
976 975 981
979 982 987
984 985 976
983 975 971
975 974 963
987 985 963
963 964 969
976 970 980
983 962 969
986 963 985
975 986 986
985 977 983
980 964 971
979 982 983
968 979 986
964 965 967
967 964 983
986 976 986
983 982 963
982 963 985
970 986 987
982 979 970
965 987 977
986 981 965
982 975 963
979 965 967
977 962 967
981 987 982
973 983 970
980 965 967
979 964 970
973 963 973
972 981 982
972 962 982
977 972 979
964 968 981
967 963 966
972 983 984
972 975 982
987 973 977
962 970 978
978 986 983
964 970 976
962 986 965
966 972 974
979 972 981
971 981 984
973 964 977
987 978 968
969 974 971
973 979 969
963 968 974
984 963 973
973 975 970
965 979 971
983 969 978
978 972 981
971 977 969
986 976 985
962 986 976
2
-1000 -1000 1000
1000 1000 -1000
-999 999 -1000
-1000 999 -1000
99
928 -928 928
-1000 1000 -1000
943 -913 960
910 -957 924
915 -941 906
922 -960 895
897 -941 936
912 -908 940
916 -912 938
950 -931 900
950 -944 917
904 -923 907
957 -905 903
900 -930 893
957 -946 913
920 -922 906
951 -905 942
898 -935 924
903 -963 964
910 -921 920
956 -914 942
951 -906 948
958 -948 964
937 -924 964
912 -961 957
952 -931 949
939 -922 950
948 -918 930
908 -960 957
939 -898 918
925 -902 902
930 -922 896
939 -940 917
903 -931 960
946 -964 961
912 -953 949
934 -921 963
905 -957 926
915 -928 934
893 -909 936
950 -926 961
950 -922 948
957 -923 957
913 -933 909
957 -925 953
959 -902 936
962 -921 908
944 -949 935
935 -919 952
955 -903 931
921 -914 917
943 -964 937
918 -948 936
923 -957 909
956 -916 895
951 -938 923
930 -922 905
945 -907 904
910 -895 943
939 -925 921
921 -954 898
963 -945 927
908 -922 899
956 -939 956
931 -947 925
909 -900 903
954 -926 946
895 -956 949
962 -929 904
927 -896 952
897 -922 950
940 -932 929
934 -934 949
931 -958 893
930 -933 961
910 -956 906
901 -896 964
914 -938 936
928 -926 909
959 -895 958
919 -940 928
936 -941 907
930 -955 905
950 -954 952
920 -960 901
945 -893 941
945 -896 950
912 -958 919
911 -920 946
898 -914 926
923 -942 900
924 -927 957
911 -909 894
919 -934 893
911 -904 907
914 -897 959
915 -894 932
913 -939 906
922 -919 945
932 -925 930
963 -914 956
97
-1000 -1000 1000
-2 1 -3
-24 -5 17
32 13 -1
-8 16 22
-27 14 -5
-33 -3 -10
-19 -9 18
-20 -22 -4
38 -3 5
9 15 -22
-19 20 7
21 5 -20
22 22 -2
-20 -7 19
10 22 -14
-18 19 9
-14 17 15
24 2 20
-33 11 -2
-37 -9 0
-37 0 -9
33 0 -13
-41 -3 2
-26 -8 -12
45 1 0
-12 22 12
-38 3 -5
-32 -12 2
-22 13 11
-36 -7 3
-20 -6 20
-45 -1 0
27 12 -7
-25 13 8
27 -4 15
-9 21 16
22 -12 12
10 19 -17
-28 6 12
25 6 15
40 -4 -2
-35 -9 -2
40 -3 3
31 4 -11
-26 14 6
-36 -4 -6
30 -14 2
-29 -16 -1
33 -13 0
-10 16 20
-29 2 15
-26 -14 -6
-26 -20 0
-12 -19 -15
16 -20 -10
-24 16 6
22 -14 10
16 -19 -11
-31 -4 -11
25 0 21
-17 -15 -14
-36 -5 -5
-33 7 6
-33 -5 -8
-25 9 -12
24 -12 -10
-39 -1 6
36 -9 -1
-20 -14 -12
-14 -10 22
-20 -4 22
35 3 -8
26 -14 -6
23 -4 -19
28 -6 -12
12 12 -22
11 21 -14
-28 12 6
11 22 -13
-39 -7 0
-30 6 -10
13 -18 15
-21 13 12
-31 3 -12
-22 -15 -9
20 11 -15
19 15 12
-25 7 14
15 19 -12
41 -2 -3
-20 6 20
-26 18 2
-11 16 -19
19 21 -6
-14 -19 -13
-40 -6 0
-28 -7 -11
-4 20 -22
100
-2 1 3
-1000 1000 1000
-10 32 25
7 -37 -23
-32 -29 -6
-14 21 -32
-27 -9 -31
-2 64 1
-32 -31 4
-8 -52 7
0 -64 3
-29 29 -9
31 -18 -18
-2 -41 -24
29 20 18
-12 -45 10
-27 11 29
21 -39 7
20 -17 -30
32 26 9
22 -37 8
-7 -48 -12
28 -35 -4
10 -52 -5
-6 -37 24
-16 -25 26
0 51 -16
-1 58 -8
29 34 4
24 -22 -21
25 17 -25
-3 -56 8
-9 -45 -13
-1 -44 22
0 -51 16
31 19 17
-13 54 0
12 -31 24
-12 -40 15
2 59 6
7 -44 16
-32 27 8
-28 36 -3
-5 36 26
11 -36 20
10 47 -10
-3 -64 0
-20 32 -15
-15 -31 21
30 7 -30
0 67 0
-7 -43 17
16 25 26
5 37 -25
5 -62 0
0 -43 -24
28 -32 7
-5 -47 15
24 31 -12
-3 57 -7
22 37 -8
-10 52 5
-7 -50 10
-14 39 14
21 -19 -27
-16 38 13
22 30 -15
0 -38 -29
-16 -20 31
28 27 12
32 28 -7
24 21 22
1 37 29
27 26 -14
-12 48 -7
-1 -48 -18
-3 50 -14
-25 32 10
-11 51 5
-5 -47 -15
24 -33 10
-20 -29 18
21 -41 -5
-18 31 -18
23 -35 9
27 31 9
28 29 -10
4 52 11
16 -47 4
-12 25 30
-31 -10 26
11 -26 -30
-26 39 -2
-10 55 2
-4 -62 -1
-5 61 1
32 -31 -4
23 32 -12
29 -32 6
31 26 -10
-22 35 10
0 -35 -32
2
-857 -796 814
1000 1000 -1000
-857 -796 813
-857 -795 814
100
1000 -1000 -1000
-3 -4 5
-71 5 5
16 35 -30
36 22 -23
-50 2 -29
-16 -37 28
-56 8 17
-70 -3 8
-65 -15 1
49 -1 31
-38 -29 -14
-50 -12 19
-41 -6 -34
-51 29 1
-48 -3 -30
24 -31 -26
20 -24 -37
63 -6 12
13 -34 -34
30 36 15
24 -29 -28
24 32 -25
64 0 17
29 18 34
30 15 -36
24 33 24
60 17 -4
-18 -27 -36
-56 -10 15
55 22 4
19 -23 39
45 26 -10
-37 10 -34
-26 21 -34
39 -37 5
-57 13 11
46 11 -24
43 2 -36
65 9 7
62 -13 -6
40 37 4
41 15 25
24 -38 19
40 30 11
-66 -11 4
31 14 -36
-16 30 -35
-59 18 4
22 21 -38
-46 32 3
-54 22 -5
51 12 18
-49 -21 -11
66 3 12
40 -28 -13
34 -13 34
-59 19 3
65 -3 -13
-28 23 -30
-43 -29 -9
-36 -16 29
-29 29 -23
36 -37 -8
-55 23 -3
-44 -33 -4
34 25 22
-45 17 19
-61 -5 -15
14 -29 -38
32 36 13
33 -37 -11
-44 4 33
-63 -2 -16
22 37 -22
43 18 20
21 25 35
29 37 15
-47 7 27
-45 16 -20
-45 0 36
-75 3 3
-58 -16 -7
-41 -15 25
21 -30 -30
21 -29 31
-6 -37 -38
-60 2 19
35 -33 13
-18 -38 25
-41 -31 9
30 24 27
60 -19 2
71 -2 -8
65 12 4
49 2 30
-50 -3 28
27 -38 -16
-45 31 5
-70 9 2
45 6 -30
-41 36 -4
91
-4 0 0
1000 1000 1000
3 4 11
-2 5 -11
-5 6 7
-8 4 6
-2 7 9
-3 -2 13
-7 8 -3
1 -2 -15
-4 -5 9
0 0 -18
2 -4 -12
1 0 17
-3 -5 10
0 3 15
6 -7 5
-4 -4 -10
-1 0 -17
3 0 -15
-4 0 14
-2 8 8
4 -3 11
-8 -5 5
-4 -8 -6
-6 -5 -7
2 -1 15
2 7 -9
0 -8 10
-4 -2 -12
-2 -4 -12
1 2 -15
0 -3 15
-4 4 10
7 7 -4
-3 2 -13
-6 8 -4
0 -6 12
-7 -5 -6
6 -4 8
-1 -6 11
-7 6 -5
4 4 10
4 -6 8
-7 3 8
-3 -7 8
-3 0 15
5 -2 11
0 -2 -16
8 6 4
-4 2 12
-7 -2 -9
1 4 13
3 3 12
1 8 9
-1 -7 10
0 5 -13
-7 5 6
8 6 -4
-5 -2 -11
8 2 -8
4 2 -12
-4 6 8
3 6 -9
5 1 -12
7 -7 4
1 -7 -10
-3 0 -15
-1 -4 -13
0 1 17
5 7 6
-3 -5 -10
-2 -6 -10
5 -6 7
-2 6 10
7 5 6
6 -1 -11
-4 8 -6
2 2 -14
-2 -5 -11
1 -5 12
-4 -2 12
0 4 -14
-5 2 11
6 0 -12
6 -7 -5
-6 -7 -5
4 -1 -13
2 8 8
-1 -4 13
7 -2 -9
-5 -5 8
-2 -7 -9
96
1000 1000 1000
-947 -947 -947
-965 -947 -959
-934 -961 -954
-941 -933 -927
-961 -973 -937
-954 -972 -967
-933 -936 -939
-930 -963 -968
-964 -963 -966
-973 -962 -952
-958 -923 -947
-968 -931 -971
-970 -956 -970
-955 -931 -943
-952 -948 -960
-923 -948 -933
-926 -935 -960
-959 -960 -926
-959 -965 -971
-959 -957 -956
-967 -938 -926
-936 -935 -967
-941 -940 -939
-948 -960 -932
-951 -932 -963
-964 -924 -972
-941 -923 -948
-938 -948 -963
-927 -922 -935
-947 -963 -965
-942 -966 -927
-967 -972 -972
-953 -973 -969
-940 -967 -935
-969 -923 -942
-964 -940 -944
-968 -966 -971
-961 -928 -967
-949 -926 -949
-936 -948 -959
-968 -943 -949
-929 -945 -935
-972 -965 -924
-939 -959 -973
-960 -941 -944
-957 -939 -970
-947 -935 -960
-952 -944 -934
-945 -946 -939
-942 -946 -939
-959 -948 -943
-934 -924 -952
-935 -934 -959
-968 -937 -963
-942 -940 -960
-928 -927 -972
-972 -957 -939
-921 -973 -953
-946 -940 -950
-969 -941 -932
-945 -952 -949
-962 -937 -934
-963 -930 -936
-972 -924 -964
-964 -959 -949
-956 -952 -946
-944 -941 -969
-921 -973 -943
-932 -944 -952
-924 -941 -971
-936 -929 -925
-970 -967 -943
-948 -954 -931
-951 -922 -945
-929 -961 -966
-924 -953 -955
-965 -959 -925
-954 -948 -942
-929 -953 -944
-960 -936 -923
-931 -921 -973
-947 -942 -941
-948 -973 -946
-925 -971 -957
-956 -932 -945
-951 -940 -924
-934 -962 -925
-967 -951 -928
-964 -945 -952
-942 -937 -957
-970 -945 -969
-964 -961 -971
-969 -954 -922
-940 -935 -972
-941 -923 -944
-955 -960 -926
-936 -951 -958
91
-935 935 -935
1000 -1000 1000
-907 927 -963
-932 912 -911
-939 940 -966
-924 956 -949
-948 949 -922
-941 914 -948
-963 957 -924
-903 909 -925
-910 915 -955
-918 928 -903
-967 928 -924
-952 930 -931
-949 914 -926
-907 905 -925
-932 935 -903
-948 915 -967
-929 939 -920
-912 956 -962
-906 923 -925
-903 928 -923
-966 937 -946
-946 958 -936
-958 934 -965
-966 908 -915
-915 952 -955
-929 923 -903
-907 936 -927
-949 948 -945
-938 919 -965
-930 941 -903
-920 961 -909
-904 928 -911
-918 937 -908
-961 965 -916
-950 907 -931
-932 914 -930
-904 957 -957
-909 937 -924
-917 959 -911
-913 956 -928
-957 915 -912
-941 904 -909
-920 942 -954
-940 918 -966
-960 927 -925
-960 943 -950
-929 904 -940
-933 923 -957
-906 958 -936
-933 951 -934
-916 937 -929
-907 909 -951
-904 948 -953
-959 948 -927
-913 915 -931
-947 906 -917
-958 961 -967
-959 964 -947
-939 964 -953
-958 951 -919
-938 940 -916
-937 925 -965
-921 908 -954
-910 925 -952
-929 945 -945
-966 960 -905
-918 954 -940
-910 948 -907
-956 942 -964
-907 944 -941
-939 910 -960
-949 921 -928
-956 932 -960
-947 922 -965
-939 943 -943
-919 919 -965
-918 921 -929
-915 942 -939
-909 943 -941
-942 944 -926
-950 954 -928
-946 963 -918
-960 935 -903
-951 963 -958
-949 928 -940
-955 915 -942
-940 942 -967
-947 903 -922
-943 945 -940
-928 953 -938
-958 951 -925
99
1 3 -3
-1000 -1000 -1000
21 -10 22
-13 -17 -23
-19 -9 -25
18 -17 -18
1 -41 11
17 15 21
4 34 15
20 12 21
-8 26 -19
-4 -24 25
-19 -29 5
-24 -24 -5
19 29 -5
11 -34 -8
-4 -39 10
23 14 16
6 34 -13
-18 -13 -22
-13 -39 -1
19 -18 -16
15 -28 -10
18 -15 -20
-17 35 -1
-22 -19 -12
24 -4 25
-22 -28 -3
-8 40 5
22 12 -19
9 32 12
23 29 -1
17 20 -16
24 12 17
11 -25 -17
11 -18 -24
15 23 -15
14 30 9
16 35 -2
-6 -31 16
-25 -26 -2
-21 13 19
-17 28 -8
-17 19 -17
13 34 -6
-22 -21 -10
-12 -40 1
-3 41 9
-13 -31 9
-1 36 16
-24 18 -11
12 -26 -15
21 -28 -4
-6 33 -14
-13 20 -20
0 40 -13
-4 -47 2
10 -26 -17
18 -10 -25
-21 -14 -18
-18 32 -3
-11 17 25
-25 -8 20
14 17 -22
-13 -27 13
5 -30 -18
19 12 22
13 30 10
-7 -38 8
17 27 -9
11 18 -24
-24 16 -13
-15 18 -20
12 30 11
21 32 0
-18 29 -6
-15 20 -18
4 -41 -8
18 12 -23
-22 -10 -21
-8 -39 6
-20 -31 2
15 38 0
-18 -23 -12
-15 -17 21
-20 -18 -15
-4 -49 0
-19 24 -10
24 19 10
25 15 -13
-21 8 -24
2 44 7
23 -26 4
20 -20 13
-7 -32 14
-24 -10 -19
-6 25 22
9 31 -13
14 23 16
7 -25 -21
7 -39 7
100
1000 -1000 1000
-5 2 2
21 24 -8
-36 2 15
-13 25 -15
-11 -17 -25
-33 20 0
10 23 -20
48 -1 -4
17 22 14
27 15 -11
-21 7 -25
32 -16 -5
-10 21 22
38 -12 -3
10 -22 21
48 2 -3
11 17 25
23 22 -8
-8 -24 21
-19 -15 -19
5 23 -25
-7 -21 -25
-32 11 10
-29 -21 3
-34 -1 -18
27 21 -5
-25 22 6
-40 -12 -1
17 16 20
42 -7 4
27 -23 -3
-25 -11 -17
-28 -18 7
49 -2 2
-10 -21 22
46 -4 -3
46 -7 0
39 5 -9
14 25 14
-23 16 -14
25 16 -12
26 5 -22
-38 11 -4
-33 6 -14
-30 3 20
-21 -15 -17
49 2 2
-29 -23 -1
-11 -20 -22
-30 -9 -14
-18 22 -13
37 8 -8
-38 -12 -3
-19 20 14
-31 -5 -17
28 -10 15
-19 -23 11
42 3 8
-24 -5 -24
-24 9 -20
-10 -24 19
29 -2 -22
-32 -12 -9
33 -19 1
50 -3 0
-34 -15 -4
23 9 -21
-37 -15 1
-31 14 -8
-28 -22 3
-41 1 -11
-39 -9 -5
18 -11 -24
20 17 16
37 -13 -3
-23 -10 -20
-44 -9 0
38 -7 8
30 -13 -10
-42 5 6
26 11 -16
28 20 -5
36 -17 0
-19 -11 -23
-33 8 -12
-37 14 2
-52 1 0
-28 6 -19
14 17 22
12 -18 23
33 7 -13
-23 -14 16
29 15 -9
49 1 -3
16 22 15
-24 17 -12
-36 8 9
-13 22 -18
32 -5 16
-18 20 -15
-9 -20 24
96
961 961 961
-1000 -1000 -1000
967 963 980
962 972 977
967 952 972
961 968 965
968 951 961
954 970 967
944 966 970
959 977 962
943 971 949
964 942 968
955 961 943
971 973 958
949 965 952
972 954 951
976 948 969
956 943 976
966 943 965
971 954 942
947 951 947
975 949 945
971 955 954
975 943 959
980 962 945
953 949 950
945 946 944
962 943 976
967 942 966
960 958 979
971 972 969
957 959 980
959 951 972
947 943 975
961 963 950
942 952 972
946 957 943
948 975 966
948 950 955
978 979 980
957 945 958
961 979 979
976 962 976
970 967 950
970 942 975
947 965 960
951 949 968
949 971 960
978 973 978
955 952 951
968 974 946
943 951 978
973 971 949
951 957 970
971 967 966
962 977 949
954 963 978
976 963 974
966 964 978
956 948 942
947 962 954
954 968 957
958 967 964
959 946 952
973 957 974
956 974 958
955 942 977
950 974 962
948 947 947
976 942 977
944 979 951
963 953 963
943 971 974
948 947 950
953 953 955
969 977 956
954 972 967
942 955 975
946 950 944
964 977 948
958 973 954
977 970 970
948 976 955
944 969 952
947 948 942
942 979 974
960 959 962
979 978 946
951 966 976
974 943 959
963 960 958
946 943 945
945 975 978
942 973 978
954 960 966
967 958 964
975 952 962
956 948 964
99
-1000 1000 -1000
4 3 -3
31 30 -13
55 7 12
38 12 -24
-40 15 -19
-45 -2 27
54 16 4
-34 -35 -5
-42 2 30
-54 20 0
-16 34 24
-40 26 8
-29 -10 35
-28 30 -16
-60 8 -6
-9 32 33
-28 31 -15
42 23 9
60 13 1
-29 20 -25
58 -14 2
52 15 -7
-49 0 25
43 27 4
32 8 34
-59 2 -13
14 -24 36
10 32 -32
44 1 -29
52 -12 10
-24 -28 -22
-35 12 -27
-21 27 -26
25 18 31
38 13 23
-45 26 -3
-16 32 26
62 4 8
11 33 -30
-41 11 -22
17 33 -24
66 1 -7
59 7 -8
-43 -24 7
-16 27 31
36 26 12
23 -24 -27
42 13 -19
33 29 12
31 23 -20
-52 12 -10
-67 -6 1
69 0 -5
29 25 20
39 -24 -11
58 -16 0
-52 17 -5
17 -29 -28
-37 1 -36
-15 -31 -28
-33 13 28
-11 -35 28
-33 6 35
40 31 3
-26 -33 -15
-40 32 2
57 0 -17
45 -25 -4
28 22 24
-52 8 -14
35 -27 12
-22 -32 -20
-46 -28 0
46 22 6
-43 12 19
-25 -36 -13
46 17 -11
12 -33 29
27 -24 23
47 -13 -14
-58 5 -11
56 -4 14
-22 23 -29
-24 -32 -18
-42 -3 -29
-48 -12 -14
-45 0 -29
48 -2 24
-52 -22 0
-37 -28 9
-52 -14 8
-17 -22 -35
14 -27 -33
-17 -28 29
-30 -23 -21
-65 -3 -6
38 31 -5
-37 -9 28
-36 5 33
12 31 -31
96
2 1 0
1000 1000 1000
-22 16 8
7 39 0
-22 10 14
14 17 15
-21 -23 -2
-4 29 -13
6 -19 21
-14 18 14
14 18 -14
-19 17 10
-11 35 0
0 28 -18
-15 17 -14
1 -30 -15
1 -43 -2
-7 -25 14
9 -23 14
8 21 17
-9 36 -1
-21 7 18
5 36 -5
6 -25 -15
1 -42 -3
-13 24 9
5 39 -2
-3 -29 14
22 -12 -12
17 14 15
-1 -31 -14
-10 33 -3
5 36 5
-14 -26 6
-4 42 0
-22 -8 -16
0 25 21
10 -15 -21
-8 -19 -19
-21 -4 21
-2 43 -1
-13 19 14
4 32 10
13 20 13
9 15 -22
9 -36 1
-21 -18 -7
20 -4 22
-7 -31 -8
-17 -7 22
3 -38 -5
-13 28 5
-16 10 -20
-21 24 1
5 25 -16
0 -26 20
-9 -15 -22
2 34 -10
-14 -26 -6
-5 -35 6
7 22 -17
-17 -9 -20
-12 27 -7
-16 14 16
-10 31 5
-22 21 3
-13 -30 3
-16 -26 -4
-16 -8 -22
-14 14 18
-3 -28 -15
0 -39 7
10 34 -2
4 -38 -4
13 21 12
10 23 -13
-1 35 -10
-5 33 8
21 -10 -15
-14 26 6
14 24 8
15 -11 20
-4 -21 -21
0 -31 -15
3 38 5
-17 27 2
21 -12 -13
12 -17 -17
-9 -23 14
-10 17 19
5 27 -14
-1 40 -5
-9 24 -13
-6 -31 9
-4 39 3
-17 -14 -15
-16 -11 19
1 -41 -4
97
1000 -1000 1000
-855 855 -855
-862 835 -897
-911 831 -814
-815 925 -884
-794 832 -831
-890 839 -892
-784 810 -923
-822 900 -853
-830 888 -893
-852 792 -839
-917 822 -808
-895 898 -810
-791 903 -792
-809 838 -880
-921 914 -891
-787 912 -785
-844 917 -827
-854 893 -795
-811 927 -805
-841 904 -901
-891 842 -906
-906 818 -850
-826 904 -834
-815 855 -877
-886 791 -867
-871 910 -926
-789 913 -803
-873 873 -873
-881 837 -852
-897 871 -901
-880 881 -862
-845 824 -846
-926 881 -815
-840 786 -880
-811 871 -791
-876 872 -851
-881 798 -826
-887 918 -841
-819 918 -923
-820 874 -804
-817 863 -836
-829 808 -908
-906 793 -867
-900 866 -907
-845 863 -838
-901 803 -856
-917 859 -793
-878 905 -807
-872 905 -906
-873 825 -826
-785 797 -905
-921 858 -874
-812 803 -924
-850 910 -788
-870 784 -815
-854 798 -855
-843 866 -842
-834 818 -897
-816 843 -868
-790 923 -809
-891 852 -799
-815 799 -785
-898 823 -828
-833 839 -806
-795 839 -852
-855 798 -848
-873 900 -908
-805 808 -799
-922 785 -784
-858 926 -827
-909 817 -799
-806 815 -808
-803 792 -820
-851 921 -871
-925 896 -847
-877 925 -849
-806 866 -795
-796 868 -889
-855 889 -844
-886 887 -922
-826 811 -799
-783 913 -844
-880 792 -863
-790 827 -808
-872 867 -836
-813 831 -868
-829 823 -906
-784 805 -918
-919 805 -834
-923 884 -837
-861 833 -917
-823 854 -795
-816 848 -836
-787 860 -877
-865 816 -900
-897 865 -914
-921 827 -785
-828 851 -896
2
-146 206 384
-243 598 15
-280 -785 796
-194 -820 807
99
1000 -1000 -1000
-5 0 -2
-3 -14 -15
0 -21 -11
4 -17 -11
8 12 -12
-7 -21 4
-7 -15 10
3 -23 -6
6 -12 14
-3 17 12
-14 -6 12
-11 15 6
12 -19 1
10 21 1
-6 -14 12
-6 -23 -3
4 23 5
1 -22 9
-2 -26 4
-5 -15 -12
-8 -12 -12
-9 20 3
2 -25 -5
10 -22 0
-3 -15 -14
-12 12 8
10 -10 -12
-4 -16 -12
-15 17 0
1 -18 13
-7 -24 -1
15 15 2
2 -21 9
-15 -4 -13
11 19 2
2 20 -10
-8 14 -10
1 21 10
14 -5 13
5 25 -2
7 12 13
10 -17 -5
-15 -6 -11
5 -22 5
-13 -17 -2
-4 24 -4
10 15 7
6 -13 13
9 -16 -7
-12 -14 6
-4 13 -15
5 23 -4
8 17 -7
-10 -9 -13
-9 -23 0
12 -19 -1
-12 6 -14
-15 -15 -2
14 -17 -1
10 16 -6
-3 23 6
-15 10 -7
4 -27 1
2 21 -9
-11 7 -14
-8 24 0
15 -12 5
-6 -26 0
-7 -20 5
-3 16 -13
0 -17 15
9 19 -4
0 -18 -14
-5 -25 2
-3 23 -6
-10 21 1
-2 22 8
-3 28 1
4 25 -3
12 8 -12
5 -24 -3
-3 -25 -4
4 24 4
-3 27 2
-13 14 5
-9 9 -14
-15 2 -15
3 -18 -11
-9 -11 -12
-13 -10 -9
-3 -21 -8
14 5 13
11 -7 14
12 -16 -4
-3 18 -11
15 -2 -15
11 20 1
-14 13 -5
5 14 13
-9 21 2
98
-1000 1000 1000
982 -982 -982
974 -974 -977
978 -975 -981
974 -977 -985
985 -984 -985
978 -987 -989
985 -977 -975
977 -983 -978
981 -982 -983
985 -975 -990
975 -978 -976
986 -979 -974
978 -985 -984
984 -984 -982
991 -979 -974
983 -983 -975
976 -986 -975
984 -979 -982
987 -990 -991
990 -983 -987
982 -986 -987
978 -977 -982
981 -979 -978
990 -987 -983
976 -982 -984
974 -976 -983
979 -986 -977
981 -980 -981
979 -991 -981
987 -980 -980
989 -976 -987
990 -980 -985
991 -991 -980
984 -977 -985
988 -986 -989
978 -989 -985
987 -977 -984
985 -991 -975
991 -979 -980
976 -976 -979
981 -978 -990
987 -975 -976
977 -989 -980
979 -988 -985
979 -987 -980
988 -975 -986
985 -980 -980
989 -989 -985
979 -981 -986
989 -986 -974
975 -975 -982
976 -979 -987
988 -979 -991
983 -983 -985
987 -989 -982
984 -983 -979
978 -976 -974
976 -988 -989
981 -977 -977
987 -980 -977
983 -990 -989
980 -991 -991
985 -982 -982
991 -982 -978
975 -988 -976
985 -983 -988
989 -984 -991
988 -981 -988
982 -984 -978
984 -980 -988
991 -985 -989
974 -990 -978
988 -985 -982
979 -990 -978
980 -990 -982
980 -987 -987
980 -980 -985
988 -988 -991
983 -986 -974
982 -985 -981
990 -989 -991
976 -980 -977
987 -983 -983
978 -981 -977
990 -985 -975
979 -982 -988
988 -991 -983
990 -987 -975
983 -982 -985
974 -982 -986
983 -988 -976
987 -984 -983
988 -988 -977
974 -976 -986
987 -975 -977
985 -974 -974
975 -975 -983
983 -986 -981
986 -991 -974
96
882 -882 882
-1000 1000 -1000
865 -845 863
829 -892 839
847 -900 848
832 -908 862
865 -872 846
864 -900 838
887 -901 825
824 -863 844
850 -933 937
855 -875 826
935 -934 874
899 -872 930
903 -857 867
891 -917 841
832 -842 859
895 -853 879
868 -859 901
930 -911 839
872 -838 934
860 -873 916
905 -899 917
929 -930 880
909 -862 941
929 -854 900
909 -860 915
878 -904 835
914 -886 839
874 -909 870
885 -917 839
848 -920 880
825 -889 852
879 -926 926
889 -898 862
852 -889 873
862 -848 829
848 -856 880
826 -845 925
927 -926 839
863 -925 899
905 -840 939
832 -925 897
883 -850 849
880 -917 905
901 -854 920
935 -914 858
832 -898 926
838 -916 856
901 -898 833
890 -873 906
900 -909 891
926 -913 839
834 -839 859
914 -827 914
837 -907 863
897 -825 911
890 -860 878
880 -926 863
935 -888 932
911 -897 936
839 -866 849
840 -858 840
883 -845 902
932 -908 884
902 -886 833
835 -923 825
895 -827 918
845 -875 842
862 -841 915
858 -829 864
840 -908 826
935 -883 915
883 -841 826
862 -868 900
917 -826 891
843 -890 828
826 -911 897
847 -915 933
896 -847 865
931 -881 864
936 -870 890
831 -845 872
884 -877 933
903 -841 874
848 -937 904
926 -870 897
915 -918 912
845 -907 848
886 -871 927
896 -893 875
930 -889 880
871 -846 836
902 -851 895
826 -849 936
848 -896 887
841 -881 910
835 -841 841
98
1000 -1000 1000
-5 -3 2
1 -5 33
8 -14 -17
16 11 -12
15 8 -16
12 -8 19
-8 -13 -18
-13 -18 -8
0 -15 24
9 -17 -13
17 15 7
-5 -16 -18
11 6 -22
-4 0 -35
-18 -15 -6
14 -12 -13
13 18 -8
-1 7 -31
-16 -14 -9
0 13 26
-15 -7 -17
7 5 -27
16 11 12
-1 -9 -29
0 2 -37
-14 -5 -20
5 -8 -26
17 12 -10
1 -9 29
-15 -12 -12
-4 -18 -17
9 4 -26
-12 -7 -20
-2 16 -21
15 -1 -23
-1 2 36
-9 -11 19
11 18 -10
9 8 -22
7 17 15
17 11 -11
-17 11 11
12 9 -18
10 -9 -20
10 7 22
-7 18 -14
8 13 -18
10 7 -22
-3 -16 20
3 -5 -31
0 -3 36
12 7 20
5 14 20
0 -10 -29
-12 -14 -13
5 7 27
-12 -12 -15
-15 17 -7
-17 -15 7
16 -12 -11
13 8 -18
-14 -1 24
-17 -6 -16
-1 -13 25
-12 0 27
7 -1 31
-16 -16 7
-17 6 -16
-14 7 18
5 -17 -17
12 8 -19
14 -18 -7
-10 -1 28
9 3 27
17 4 18
-9 -4 26
-10 -16 -13
0 1 38
-16 -2 21
-3 4 32
15 -7 -17
-8 8 23
9 -4 26
-17 10 12
11 16 12
16 6 -17
-7 5 27
-18 1 -20
-18 -17 4
-7 9 23
10 3 26
-17 3 -19
9 16 -14
0 -1 -38
16 6 17
7 4 -28
-5 0 34
-9 8 -22
14 12 13
100
-1 -5 4
1000 1000 1000
-14 -9 72
13 -24 58
41 -22 -32
7 -1 -87
16 -9 70
-15 -19 -61
16 2 77
-38 -9 48
-16 -35 44
-18 43 -34
38 18 39
-42 -39 14
31 -43 -21
45 42 8
-43 -46 -6
36 27 -32
-27 -32 -36
-27 40 -28
25 -34 36
-5 20 70
10 -25 60
-17 17 -61
7 18 70
-20 25 50
-5 -32 -58
-1 -26 -68
-4 -35 -56
37 28 -30
-10 -31 -54
-43 8 -44
16 -32 47
17 -37 41
3 -12 -80
31 15 49
16 31 -48
34 -33 -28
12 -39 44
0 -12 -83
-26 35 34
-38 -5 -52
-19 35 41
33 -30 -32
-9 25 61
25 17 -53
-23 9 -63
-45 -7 -43
7 15 73
0 28 67
0 -31 64
-28 40 27
33 -13 49
37 44 14
-20 21 54
-33 38 -24
5 14 76
-27 28 -40
-13 26 56
-21 44 -30
4 18 73
20 -16 -59
-15 12 68
-40 -10 -45
2 31 62
-1 46 -48
-43 -18 34
38 24 -33
-14 -33 48
23 -38 34
13 -39 -43
27 23 45
-2 28 -65
30 36 29
-46 -31 -18
-45 4 -46
-13 31 -51
41 3 51
-16 -46 33
-34 28 -33
-26 25 -44
-41 35 19
-33 42 20
27 -15 53
-19 -23 53
40 -36 -19
-39 31 25
41 41 -13
2 -19 -74
-9 -41 45
24 -41 -30
0 -40 -55
12 -16 67
-29 11 55
39 -41 15
-5 25 -65
45 37 13
-16 -22 -57
-15 7 73
-2 -19 -74
-8 38 -49
-1 29 -65
99
1000 1000 -1000
-968 -968 968
-955 -954 963
-956 -981 974
-980 -957 960
-966 -967 959
-975 -982 967
-955 -972 980
-982 -969 968
-973 -969 969
-961 -978 973
-954 -961 965
-975 -968 954
-971 -970 953
-964 -972 983
-958 -966 980
-957 -958 969
-980 -966 954
-961 -960 983
-970 -981 971
-982 -978 978
-953 -966 978
-974 -974 953
-977 -967 967
-957 -963 970
-956 -963 978
-965 -984 980
-968 -977 960
-976 -982 965
-956 -983 975
-967 -959 963
-979 -983 970
-960 -954 965
-964 -956 955
-973 -954 962
-978 -959 959
-961 -959 973
-966 -981 974
-972 -974 981
-963 -960 968
-955 -968 972
-954 -982 968
-964 -968 960
-977 -954 958
-963 -971 970
-958 -960 971
-969 -973 974
-956 -976 969
-981 -968 980
-958 -962 957
-965 -981 979
-963 -965 960
-965 -958 955
-959 -965 967
-971 -959 968
-966 -965 973
-959 -961 975
-967 -979 960
-963 -971 968
-975 -980 957
-978 -966 980
-954 -957 980
-965 -978 969
-963 -981 962
-960 -969 963
-972 -973 984
-968 -975 965
-953 -965 971
-981 -976 966
-974 -969 984
-982 -964 979
-967 -982 959
-964 -972 956
-968 -978 963
-964 -969 969
-957 -975 981
-983 -953 980
-974 -957 977
-956 -979 957
-959 -955 965
-961 -979 968
-965 -976 964
-965 -967 983
-971 -966 980
-956 -970 963
-972 -972 960
-957 -981 957
-960 -954 954
-956 -963 964
-966 -966 968
-979 -960 978
-971 -981 962
-957 -976 973
-974 -974 956
-979 -964 977
-982 -982 960
-955 -960 960
-953 -973 957
-977 -962 964
-969 -964 965
-968 -964 955
2
1000 1000 -1000
-1000 -1000 1000
-999 -1000 -999
-1000 -1000 -999
100
1000 -1000 -1000
-970 970 970
961 984 -980
958 966 -959
958 980 -961
983 982 -966
976 968 -965
964 966 -981
983 966 -976
981 969 -982
956 957 -974
985 966 -978
965 968 -962
973 977 -976
972 964 -958
979 983 -972
971 983 -984
968 959 -958
979 968 -966
959 959 -959
967 981 -964
982 976 -973
963 976 -957
973 977 -966
985 968 -967
973 969 -968
968 979 -983
972 975 -967
966 975 -973
981 962 -956
974 964 -960
970 975 -973
963 967 -962
984 976 -980
979 956 -976
966 956 -972
981 964 -965
978 978 -977
974 985 -984
978 983 -973
976 970 -959
978 961 -967
972 983 -984
983 984 -957
961 968 -959
976 958 -967
982 969 -978
961 963 -982
972 962 -967
981 971 -962
968 964 -958
959 958 -972
967 958 -972
956 962 -959
965 960 -963
969 962 -971
980 971 -980
983 972 -973
957 964 -980
979 966 -957
966 971 -984
968 965 -960
958 976 -978
960 985 -959
970 982 -957
982 960 -976
980 983 -970
970 958 -979
960 983 -976
958 979 -977
985 983 -978
974 972 -974
957 975 -971
985 980 -978
971 985 -968
977 979 -977
980 963 -973
973 983 -959
970 963 -983
980 971 -965
971 960 -967
957 972 -964
957 982 -971
969 985 -976
966 970 -980
974 958 -968
969 968 -972
979 963 -962
980 970 -977
985 970 -968
972 965 -960
980 970 -962
975 985 -962
982 966 -985
969 959 -968
980 969 -967
971 976 -971
985 977 -976
969 960 -958
980 962 -959
983 960 -978
982 960 -962
4
0 0 0
0 0 300
1000 -1000 -1000
-1000 -1000 -1000
1000 1000 -1000
-1000 1000 -1000
100
-1000 1000 1000
-3 0 0
-19 28 48
25 -9 -61
-10 23 62
31 -11 -53
36 26 33
41 -27 27
-42 -20 -33
0 21 74
-5 38 -52
40 -41 14
-36 -46 -13
-33 -4 58
45 -7 43
-46 23 -26
-10 -17 68
17 16 -62
-19 -22 -54
27 -43 -25
44 8 -43
39 -24 32
-38 -39 -18
18 39 38
-14 20 61
7 1 -87
32 -35 -28
17 26 -52
-45 -12 38
-5 -17 73
14 0 -81
-25 -10 -60
21 3 71
-5 40 -50
25 -13 -57
0 16 -79
-4 -26 65
-43 -24 28
41 -34 20
17 24 -54
-40 -33 22
-30 -7 58
43 -5 47
-27 1 -67
-1 -40 -54
-4 0 -91
-21 10 -64
-44 0 51
-42 22 -31
-13 26 56
-17 26 -52
40 39 16
41 4 -50
19 -19 -57
-36 8 -51
-19 19 -57
-5 -19 -71
42 -27 26
29 34 -32
-26 38 -31
-27 16 -52
-36 -7 52
31 -30 -34
-13 -23 59
-36 -25 34
-28 -16 51
-7 -41 -47
-19 -44 32
-36 -44 15
-21 -11 63
-7 -13 75
38 -24 -33
-25 -26 -44
-39 11 -45
12 -9 74
43 -40 -12
36 -5 54
-46 11 38
-45 34 16
5 35 55
5 -38 52
29 19 47
-4 -10 -81
-29 -5 61
-6 20 69
21 -28 46
-33 44 18
-14 -2 79
-34 -24 -37
37 31 -27
18 40 -37
-29 -39 27
-9 -39 47
24 -26 -45
38 -42 -15
15 15 65
35 -27 -33
-41 -39 15
15 -1 79
-45 22 28
-10 4 -81
-12 -6 77
100
-1000 -1000 1000
893 893 -893
940 939 -939
885 930 -885
873 861 -888
844 893 -854
903 886 -939
840 907 -863
874 855 -903
872 875 -923
913 929 -943
848 939 -853
856 879 -871
923 944 -886
906 840 -939
906 924 -936
853 849 -937
875 898 -911
848 867 -885
879 938 -854
933 872 -868
888 915 -936
867 944 -873
852 874 -876
894 901 -943
884 856 -862
897 942 -850
885 919 -905
918 897 -927
851 882 -853
884 899 -855
930 917 -905
861 843 -902
905 874 -928
924 854 -879
936 874 -902
880 871 -937
849 898 -901
874 860 -898
867 842 -879
942 921 -866
922 892 -919
910 858 -946
935 882 -885
865 904 -876
886 904 -846
928 876 -922
843 918 -864
871 934 -918
855 940 -918
878 932 -929
940 914 -843
893 886 -946
883 871 -873
872 925 -887
901 870 -936
862 892 -880
847 877 -923
892 933 -863
878 896 -938
929 918 -936
854 875 -924
937 907 -855
860 941 -919
905 879 -923
844 931 -944
852 902 -942
904 910 -910
919 942 -889
887 867 -898
894 915 -867
850 935 -845
867 892 -938
870 882 -941
872 940 -907
854 908 -907
908 868 -911
864 861 -852
843 840 -895
845 843 -940
857 929 -936
853 858 -848
867 909 -944
878 859 -895
874 943 -848
918 910 -897
902 934 -922
868 869 -865
942 900 -901
869 912 -901
909 887 -896
932 890 -940
919 872 -934
925 919 -920
888 879 -912
944 926 -859
880 840 -912
914 938 -903
887 930 -863
898 872 -930
901 888 -855
843 849 -881
100
-1000 -1000 1000
-2 4 2
28 -30 -51
-40 -17 52
21 -39 -49
-11 -83 -15
11 46 -52
49 29 31
-53 9 47
-1 -90 18
44 -31 -34
13 43 -53
43 -47 -19
-49 41 -19
-9 91 9
35 -69 5
-36 61 -12
-23 46 40
-14 66 29
14 -95 0
8 58 -43
8 88 -13
-23 -65 21
-38 53 -18
44 47 18
-51 -56 2
-19 -53 -37
13 44 52
5 -94 10
-48 9 52
-16 -57 -36
2 101 6
-21 67 -21
0 74 35
26 38 45
-49 59 -1
-14 -77 18
-7 -74 28
-3 85 21
-28 47 -34
-30 77 2
-14 -59 -36
32 -52 25
-24 -50 35
-5 -72 32
43 -18 48
12 56 -41
-47 24 38
-4 -57 -48
25 -45 39
-4 -98 7
32 -30 -47
15 43 -51
-45 55 9
24 -39 46
2 72 -35
-52 -55 -2
-41 -22 46
2 99 -8
-8 -66 35
-40 -34 35
2 -93 14
-52 12 45
25 -61 23
-9 -67 -33
-44 -26 39
46 61 2
-21 -61 -27
-3 -81 25
-27 -67 -15
52 55 2
-38 67 -4
21 75 -13
-1 -80 -28
-53 -28 -28
38 67 -4
-31 -31 47
32 -32 -45
44 29 36
-4 -95 -10
19 80 10
14 -63 -32
-28 -75 6
48 25 36
49 53 7
-42 27 -40
9 -59 -41
-1 90 -18
33 58 18
-19 40 -50
25 -74 -10
-3 104 2
37 -46 -26
-14 49 46
3 100 6
-18 -81 -10
12 78 19
45 29 35
14 -54 41
-26 76 7
-44 49 16
15 -66 -28
96
823 823 823
-1000 -1000 -1000
744 802 805
823 787 886
830 742 864
833 745 840
800 911 753
832 868 868
867 874 837
853 908 891
844 808 743
814 841 784
833 881 892
865 873 818
894 735 768
859 751 789
838 783 784
844 813 776
883 740 819
831 907 830
740 779 891
834 826 804
780 860 867
752 737 872
908 858 885
893 824 897
870 869 886
881 821 739
804 896 798
757 779 906
791 771 775
756 857 821
756 744 802
859 893 858
823 881 898
792 869 785
824 738 805
816 787 820
859 906 759
892 908 791
771 829 858
747 791 769
866 867 871
808 881 807
779 902 820
811 790 888
881 825 808
820 775 782
801 735 888
840 766 738
784 850 813
856 868 762
857 885 739
743 879 766
874 783 789
893 845 822
830 902 763
851 805 801
878 763 757
802 876 796
739 747 820
819 835 799
888 769 809
779 797 745
786 781 885
896 738 846
808 790 839
812 835 892
882 841 762
884 805 897
890 801 829
805 824 755
821 761 848
896 814 887
874 758 875
812 812 887
786 800 758
894 827 775
901 754 906
901 755 884
901 873 888
756 908 775
805 903 793
799 783 757
879 908 741
797 762 837
778 874 859
867 838 813
867 837 788
766 876 754
908 809 852
880 865 893
843 800 825
736 774 814
788 758 840
860 829 801
769 736 887
881 806 759
96
-643 -643 643
1000 1000 -1000
-724 -809 560
-757 -816 586
-564 -619 805
-773 -763 669
-674 -764 552
-594 -536 645
-484 -617 645
-712 -681 516
-651 -700 526
-631 -515 593
-608 -631 538
-705 -686 561
-509 -674 590
-520 -528 541
-791 -780 819
-718 -585 581
-501 -778 768
-660 -627 485
-785 -553 755
-609 -555 637
-544 -756 781
-472 -512 794
-483 -762 727
-792 -785 700
-750 -499 685
-708 -762 518
-795 -773 724
-492 -803 605
-789 -574 624
-514 -763 565
-659 -525 771
-640 -805 721
-540 -592 743
-519 -745 620
-797 -758 653
-821 -699 649
-804 -736 729
-660 -712 749
-746 -790 724
-515 -691 572
-582 -621 604
-604 -820 512
-776 -521 710
-688 -500 473
-671 -576 682
-733 -653 687
-620 -757 534
-468 -528 582
-571 -591 676
-643 -640 664
-630 -624 546
-651 -503 525
-575 -775 629
-569 -612 657
-727 -799 815
-591 -471 747
-659 -619 601
-470 -516 741
-577 -772 792
-526 -808 690
-791 -582 748
-657 -816 516
-759 -523 750
-709 -511 465
-647 -540 809
-709 -483 663
-808 -798 645
-601 -614 470
-526 -469 595
-756 -565 725
-674 -563 564
-620 -759 687
-774 -808 744
-757 -618 542
-751 -699 550
-709 -739 536
-539 -468 497
-528 -610 476
-771 -797 717
-768 -589 677
-810 -502 600
-482 -794 657
-503 -596 557
-541 -711 745
-697 -793 497
-652 -601 812
-691 -716 821
-493 -643 608
-497 -695 792
-785 -785 794
-535 -801 511
-552 -741 793
-721 -601 741
-749 -556 584
-759 -474 498
-520 -749 497
95
-986 -986 986
1000 1000 -1000
-993 -981 983
-982 -982 990
-989 -985 981
-993 -980 990
-990 -980 987
-989 -985 982
-989 -983 990
-981 -984 983
-989 -981 987
-990 -993 989
-986 -992 981
-990 -989 991
-993 -989 987
-980 -988 987
-983 -981 993
-990 -989 983
-993 -992 989
-982 -991 991
-987 -982 981
-989 -992 989
-986 -985 993
-980 -987 980
-984 -986 981
-991 -990 992
-989 -990 982
-985 -988 990
-993 -980 989
-981 -981 986
-989 -983 987
-993 -988 985
-983 -986 993
-989 -987 984
-988 -980 990
-981 -983 989
-987 -986 983
-981 -983 993
-983 -986 987
-982 -986 989
-980 -990 987
-987 -983 982
-984 -983 993
-991 -988 986
-984 -982 988
-983 -981 984
-993 -990 984
-992 -990 988
-983 -992 984
-992 -989 984
-992 -983 984
-983 -985 985
-984 -984 992
-993 -988 989
-991 -989 984
-990 -985 991
-992 -990 983
-993 -989 985
-980 -990 981
-991 -983 980
-988 -993 983
-991 -983 985
-982 -981 983
-986 -991 989
-993 -986 989
-992 -983 980
-992 -989 980
-983 -991 981
-989 -982 987
-984 -991 989
-983 -986 991
-993 -980 987
-989 -987 980
-992 -987 981
-983 -992 981
-993 -986 982
-992 -981 986
-993 -993 990
-984 -984 989
-993 -990 987
-984 -990 988
-984 -980 989
-981 -980 991
-982 -983 982
-990 -989 981
-982 -983 985
-988 -993 985
-984 -985 992
-985 -984 987
-982 -983 983
-990 -990 993
-992 -985 991
-992 -988 993
-993 -982 989
-991 -984 991
-982 -985 991
-992 -989 983
97
-1000 1000 -1000
903 -903 903
938 -858 892
896 -901 877
916 -877 867
864 -892 888
895 -878 861
859 -916 897
865 -892 944
906 -869 880
916 -880 919
938 -936 911
888 -906 909
858 -931 893
924 -891 947
885 -900 905
947 -930 932
940 -901 951
912 -900 936
871 -940 893
877 -891 874
887 -905 875
949 -871 889
855 -863 881
904 -938 914
896 -922 887
929 -889 874
873 -871 913
949 -941 919
904 -936 924
926 -900 885
945 -932 901
874 -869 910
908 -936 937
899 -951 887
945 -872 873
866 -862 874
930 -902 935
864 -913 883
885 -934 940
870 -925 890
929 -903 901
886 -933 922
938 -906 909
913 -896 871
856 -856 877
858 -911 939
931 -893 864
947 -908 919
929 -879 863
936 -883 913
930 -880 888
879 -867 941
856 -887 922
931 -928 949
924 -885 865
882 -938 934
941 -863 887
934 -931 864
942 -949 889
872 -951 919
896 -907 949
932 -884 900
926 -923 931
942 -944 863
899 -936 895
893 -896 914
907 -893 934
910 -951 936
901 -892 933
917 -859 939
918 -887 865
932 -877 881
904 -910 902
930 -859 866
946 -941 942
866 -903 913
861 -858 907
912 -890 921
863 -911 904
896 -903 917
940 -949 878
866 -927 895
906 -864 920
878 -949 925
937 -947 889
855 -921 885
905 -875 890
897 -913 879
900 -931 878
896 -870 919
919 -911 862
856 -921 923
918 -951 942
878 -951 874
914 -918 942
870 -949 899
922 -877 936
896 -915 858
91
-1000 1000 1000
869 -869 -869
828 -812 -902
810 -809 -887
895 -841 -933
892 -913 -930
835 -874 -861
921 -814 -862
859 -828 -921
839 -811 -882
875 -819 -856
869 -899 -900
931 -858 -924
908 -860 -915
922 -881 -921
874 -904 -807
881 -925 -815
818 -916 -902
844 -852 -834
922 -885 -911
808 -903 -905
818 -920 -818
932 -854 -911
894 -865 -832
815 -845 -825
826 -867 -819
889 -833 -821
926 -880 -864
836 -922 -883
912 -856 -857
887 -829 -907
810 -934 -816
922 -912 -881
805 -828 -826
811 -934 -846
833 -900 -916
920 -825 -835
819 -904 -845
894 -853 -928
856 -902 -916
926 -828 -834
905 -926 -825
814 -804 -806
892 -825 -931
879 -931 -813
861 -912 -833
906 -891 -887
809 -873 -807
911 -925 -932
917 -823 -858
917 -807 -896
922 -843 -833
913 -910 -844
912 -884 -859
863 -906 -847
897 -890 -909
905 -839 -836
809 -930 -837
851 -834 -831
836 -916 -899
869 -891 -833
933 -906 -924
899 -914 -858
830 -822 -804
889 -933 -914
894 -907 -904
814 -889 -917
858 -875 -838
918 -857 -834
864 -911 -834
833 -879 -909
850 -807 -906
932 -926 -850
853 -911 -863
913 -893 -820
857 -888 -829
888 -903 -835
912 -894 -805
819 -873 -810
866 -830 -857
913 -804 -918
907 -860 -810
860 -887 -846
821 -914 -821
920 -847 -855
876 -859 -933
925 -925 -912
808 -869 -839
845 -921 -929
843 -819 -899
857 -876 -881
844 -842 -857
920 -836 -834
99
-1000 -1000 -1000
3 -2 -2
-9 30 28
30 15 -22
2 -44 -21
32 14 21
-14 -52 -1
-8 -30 -29
16 44 7
-8 -40 19
-22 -28 -17
-32 11 -24
-20 -36 11
-16 24 -27
2 -40 -25
11 -31 -25
-31 26 10
14 -28 25
2 42 -23
26 13 28
-10 -34 23
-22 26 -19
22 -14 -31
-5 -50 12
-31 22 -14
16 45 6
29 7 -31
-5 -37 25
-16 -40 11
25 13 -29
25 -20 -22
-8 59 0
10 -41 -16
6 -46 -15
-23 -12 -32
17 -24 -26
-12 -35 20
-25 24 -18
-2 65 0
11 28 -28
8 49 10
-17 46 -4
-7 -50 -10
3 32 -32
11 -30 26
12 39 16
-8 33 -26
11 -28 -28
-9 42 16
29 34 4
-10 -26 -31
16 50 1
19 -17 31
28 36 -3
14 -45 -8
31 10 -26
-15 -29 -23
-18 -46 -3
-13 33 21
27 18 -22
-25 36 6
-21 -35 -11
11 -40 16
-21 -42 4
-25 33 -9
24 -20 23
30 6 31
-26 33 8
22 27 18
-21 -44 -2
25 -29 -13
32 -14 21
9 -38 -20
-8 52 7
6 -38 23
-12 -34 -21
7 47 -13
21 39 -7
26 -24 -17
8 -31 -28
-1 41 25
-15 46 -6
18 33 16
-3 63 -1
25 27 -15
-31 25 11
14 53 0
-28 27 12
3 44 -20
0 58 9
-9 -31 -27
-6 -54 -7
3 -39 -25
0 -60 7
19 16 32
31 -21 -15
12 54 -1
-17 -40 -10
16 48 3
9 46 12
24 30 -13
100
-1000 1000 -1000
971 -971 971
962 -958 965
979 -971 983
979 -970 968
958 -979 977
979 -957 965
974 -979 969
969 -959 960
984 -962 974
968 -968 974
967 -983 961
964 -958 967
975 -963 959
965 -963 972
958 -983 960
957 -985 960
960 -980 957
976 -973 965
985 -957 958
961 -957 971
973 -962 976
963 -981 983
974 -961 971
957 -962 983
985 -973 960
979 -978 969
982 -969 976
975 -977 959
969 -962 974
973 -974 972
985 -960 979
966 -966 958
982 -978 974
962 -973 970
978 -984 981
959 -964 982
980 -966 983
966 -982 983
966 -966 977
968 -964 963
982 -967 961
971 -972 968
960 -970 963
977 -977 961
966 -983 968
985 -970 967
980 -969 965
974 -961 961
963 -981 976
964 -962 971
982 -958 967
959 -962 967
960 -973 962
982 -969 957
977 -979 971
982 -959 975
980 -965 957
983 -972 981
964 -961 962
971 -970 975
978 -980 962
982 -967 971
961 -984 984
974 -984 965
968 -976 981
978 -977 963
977 -961 958
976 -985 984
975 -973 964
984 -975 985
963 -983 981
977 -970 971
975 -968 981
980 -959 959
976 -982 965
957 -963 968
958 -985 969
973 -984 971
968 -979 970
963 -961 984
966 -978 980
964 -966 973
960 -984 963
983 -968 968
968 -984 959
967 -957 969
979 -963 957
974 -958 967
979 -964 982
964 -966 984
978 -983 981
982 -975 979
959 -981 968
982 -960 967
981 -970 974
971 -978 958
978 -977 974
960 -982 971
967 -970 979
970 -964 974
968 -965 983
78
-1000 -1000 1000
0 5 -1
2 6 -3
0 -8 3
3 6 -2
-2 -5 -4
3 6 2
-4 -4 3
0 -11 0
1 6 4
0 -8 -3
-4 4 3
1 9 1
2 -7 2
1 7 3
-2 8 1
-1 6 4
-1 9 -1
-4 6 1
1 -6 -4
0 -9 2
4 -6 -1
-2 -7 -2
-2 -8 -1
-4 -4 -3
-4 3 -4
3 -5 -3
-2 6 -3
-4 5 -2
0 9 2
-3 -4 4
0 10 -1
3 7 1
0 8 -3
3 5 3
-3 -6 -2
2 -5 -4
-3 7 -1
1 7 -3
-2 -5 4
-1 10 0
1 10 0
-4 -6 -1
-4 -6 1
-3 -6 2
-1 6 -4
0 9 -2
3 4 4
-2 -9 0
3 -6 -2
0 -7 4
-3 8 0
0 10 1
2 9 0
4 -7 0
-3 6 2
-2 -6 -3
-2 9 0
4 -4 -3
0 7 4
2 5 4
-1 -7 -3
-4 -7 0
2 8 -1
3 8 0
-1 -8 2
1 8 2
0 -9 -2
2 -6 3
2 -9 0
4 5 -2
0 -7 -4
0 -10 -1
-1 -9 1
-2 7 2
2 -7 -2
4 3 4
-2 -7 2
-3 -8 0
-3 -7 1
100
-4 -3 -3
-1000 -1000 1000
-35 -35 -4
31 41 2
-33 -21 -20
-28 -32 14
20 -28 26
-12 -35 -27
17 32 25
16 39 19
-30 -21 23
5 -33 36
-27 29 18
-26 -20 -28
11 -39 -24
-25 -31 18
-21 -42 -11
9 56 -9
-14 44 -16
-26 30 -18
0 60 -14
30 43 -1
-18 -36 -20
24 -24 26
-27 -33 14
-19 -42 13
1 -40 33
20 -32 22
7 40 -27
19 -30 -25
11 50 13
7 57 -10
18 -39 17
-30 -24 20
4 -51 19
-8 -38 28
7 -64 3
30 28 -16
35 -34 5
-5 40 29
-13 -37 -24
17 -47 -10
13 -41 -20
23 -38 13
9 61 -4
6 -37 -31
-30 -33 11
13 27 34
13 56 5
-15 59 0
-30 -40 4
-20 -52 2
9 45 -20
4 -36 34
-21 -23 30
-15 -46 13
0 45 29
-36 8 30
-31 11 -32
25 31 -18
7 36 31
0 66 8
28 33 -13
-33 -41 0
-33 -38 -3
-1 -71 -2
-11 -55 -8
19 -42 -13
-11 32 31
18 -56 0
25 -15 34
30 13 -31
-27 43 -4
-33 10 -31
10 56 -8
3 -58 -13
5 -69 0
22 36 16
35 15 -24
19 -40 -15
36 -35 -3
4 34 -36
-36 22 16
-23 19 -32
-6 42 -26
-22 -18 -34
-26 35 13
-21 -27 26
-20 -24 -30
-2 52 -20
19 31 -24
30 -18 -26
-3 42 29
22 -38 14
0 63 -11
9 -38 27
1 -42 31
26 45 -3
35 -6 -33
27 34 -13
14 -28 32
34 -28 12
2
1000 -1000 -1000
-251 48 534
-251 48 533
-251 47 534
76
-2 3 1
-1000 1000 -1000
9 0 -2
9 2 0
8 0 3
-6 4 -1
-7 -4 0
10 0 -1
7 -4 0
6 -1 -4
5 3 -3
5 4 -2
-9 1 -1
6 -4 -1
5 -3 3
8 -2 -1
-10 -1 0
10 1 0
7 -1 -3
-9 0 2
-10 0 1
6 4 1
8 0 -3
8 -3 0
-4 -4 -3
5 4 2
8 2 -1
-5 -2 -4
9 1 -1
8 1 -2
-9 -2 0
-4 4 -3
-10 0 -1
-5 2 -4
4 -4 3
6 2 3
-7 4 0
-7 -3 -1
5 -4 2
-6 -2 -3
-7 -2 -2
-6 1 -4
5 -3 -3
7 0 4
-9 2 0
-6 -4 1
-8 2 -1
-7 0 4
7 1 -3
9 1 1
7 -3 1
-6 2 -3
-8 2 1
7 -1 3
4 -3 4
-10 1 0
7 4 0
-4 3 4
7 2 -2
8 3 0
6 4 -1
7 2 2
7 -2 2
-4 3 -4
-5 -4 2
4 -4 -3
8 1 2
9 0 2
-8 -3 0
10 0 1
9 -1 -1
-6 -1 4
7 1 3
8 -1 -2
-7 -3 1
-8 3 0
-8 -2 1
10 -1 0
100
1000 1000 1000
-707 -707 -707
-822 -804 -713
-667 -646 -839
-732 -748 -682
-847 -743 -761
-603 -819 -736
-841 -756 -615
-699 -581 -752
-639 -570 -666
-838 -667 -729
-671 -841 -814
-761 -734 -597
-787 -668 -700
-684 -701 -797
-722 -847 -852
-676 -567 -624
-606 -561 -632
-587 -757 -797
-686 -562 -789
-693 -633 -839
-668 -670 -593
-757 -827 -734
-726 -568 -638
-633 -663 -588
-836 -825 -687
-797 -849 -667
-776 -690 -577
-802 -852 -675
-685 -807 -848
-804 -643 -572
-764 -834 -662
-784 -844 -756
-628 -724 -681
-565 -658 -617
-835 -679 -764
-601 -814 -836
-669 -839 -705
-572 -637 -668
-674 -662 -717
-623 -849 -654
-762 -848 -711
-748 -721 -644
-716 -688 -836
-696 -802 -794
-741 -655 -753
-590 -669 -687
-700 -708 -680
-714 -637 -735
-685 -758 -699
-712 -613 -829
-602 -732 -762
-640 -622 -644
-750 -792 -682
-700 -753 -822
-662 -784 -778
-839 -754 -680
-624 -664 -668
-724 -618 -703
-801 -580 -784
-567 -783 -732
-839 -822 -732
-836 -585 -848
-818 -642 -696
-816 -671 -660
-792 -572 -650
-836 -725 -654
-730 -767 -810
-685 -575 -623
-683 -726 -589
-595 -751 -722
-722 -714 -771
-703 -571 -783
-835 -646 -628
-609 -722 -837
-728 -710 -683
-721 -589 -668
-712 -750 -716
-717 -594 -852
-666 -778 -568
-687 -591 -699
-754 -632 -577
-669 -621 -829
-773 -804 -779
-689 -681 -765
-601 -691 -757
-796 -841 -768
-735 -570 -644
-775 -562 -752
-758 -635 -629
-711 -790 -790
-610 -807 -727
-803 -725 -593
-652 -669 -849
-748 -681 -658
-714 -735 -661
-697 -768 -745
-655 -779 -604
-724 -562 -747
-601 -758 -730
-713 -661 -829
-840 -604 -747
97
-1000 -1000 -1000
985 985 985
983 981 979
988 992 979
992 990 979
990 980 985
982 980 979
980 984 991
980 988 983
988 991 980
988 991 991
980 984 988
992 988 979
981 992 987
989 987 983
982 989 989
978 981 986
983 980 980
992 987 990
984 988 986
986 980 982
989 987 979
984 982 988
984 982 987
992 979 992
989 985 983
992 979 989
989 989 989
989 987 981
985 979 987
990 987 989
978 982 986
981 979 981
989 991 979
981 979 982
984 986 989
989 985 985
980 988 992
980 991 983
981 980 986
992 984 990
987 985 981
979 982 986
978 982 983
987 989 985
986 985 983
990 987 979
985 979 982
992 988 982
980 984 987
986 989 989
990 987 981
982 986 979
987 984 989
990 988 981
987 983 979
983 991 983
982 981 989
985 979 978
981 987 984
979 992 984
990 984 991
982 985 991
989 986 991
986 991 980
992 991 982
986 980 988
989 980 989
992 981 990
985 988 978
981 990 986
978 989 986
978 984 991
992 982 990
982 981 985
983 986 982
992 980 986
985 991 978
982 992 986
987 985 988
982 979 990
989 990 987
979 985 989
983 990 978
989 978 983
991 983 992
990 992 983
985 991 979
989 987 988
989 988 992
990 981 983
981 988 990
980 981 984
990 983 982
984 987 989
983 991 991
992 991 992
992 980 978
979 985 981
99
-2 3 0
-1000 1000 1000
5 -50 -5
-20 -31 9
28 -31 1
-26 -33 -1
-11 27 22
13 -37 10
-11 -35 14
0 48 12
2 -52 6
29 -22 9
25 10 -25
-11 41 -8
-4 28 28
22 -18 20
-25 19 -16
-25 21 -14
-24 -13 -23
26 33 1
7 -35 -18
8 -26 -26
12 45 3
6 36 18
-14 -35 -11
-27 -16 17
-10 -26 -24
-5 -41 14
11 -43 -6
-29 -9 -22
25 -32 -3
28 -10 22
20 -18 -22
29 11 20
-20 40 0
-3 -43 14
17 -33 10
-3 40 -17
14 -25 21
2 47 -11
-17 41 2
-3 -50 -7
-18 17 25
22 -15 23
14 -41 5
27 6 -27
-10 23 -27
5 -48 -7
21 37 2
-6 27 27
-13 39 -8
-15 19 -26
21 36 3
3 37 20
27 14 19
-14 -44 -2
9 -36 15
-24 33 3
10 29 -21
-9 -22 -29
29 15 -16
-14 -29 -17
10 -36 -14
-19 -37 -4
-20 23 17
5 -42 13
-9 42 9
14 -22 24
21 -27 -12
3 -43 14
26 -10 -24
-25 -22 -13
-25 -10 25
18 -33 9
3 -36 -21
21 -12 27
25 29 6
-10 -21 29
3 44 -13
-13 20 -27
-16 28 16
0 33 -27
-22 -12 26
24 8 -28
23 -26 -11
29 -10 -21
-25 -25 -10
20 -24 16
-15 -22 23
-4 27 29
-10 -33 17
-9 30 21
14 30 -16
7 -28 25
11 -25 24
-20 18 22
-27 -33 0
-8 -48 4
23 -34 3
-4 32 24
-25 -33 2
99
1000 1000 -1000
-4 -3 0
57 8 -23
-44 -3 41
38 13 37
25 39 24
33 31 -24
82 -1 5
-45 -36 -7
31 38 -19
-18 -41 -29
41 -41 -6
35 20 -33
41 -37 -10
44 16 28
-47 37 -4
-17 -37 34
-50 -19 -19
26 -32 30
19 37 32
-58 -20 -10
66 -16 6
59 9 -20
18 33 37
59 25 4
61 -21 6
-45 -25 18
40 11 37
43 17 -28
49 -30 -9
-45 21 -22
-52 -28 -8
-24 39 -25
-25 42 21
66 -6 16
-66 -22 0
52 7 29
-56 -18 14
-38 -18 -32
-62 -4 22
38 -25 -25
74 -8 -6
34 28 -26
34 29 -25
-41 -6 41
-59 25 4
41 -38 9
49 36 -3
-31 39 -18
52 -2 34
-41 -37 -10
-63 4 -21
-47 41 0
45 -26 17
-49 16 23
78 2 -8
52 23 -13
-61 6 -21
57 2 29
-50 -31 7
18 38 -32
-59 -11 -18
44 24 20
30 -15 -43
-46 20 -22
81 -4 3
-41 17 -30
25 24 39
22 38 -28
-42 43 -3
-9 40 39
-40 23 -25
26 29 33
47 -23 -18
46 37 -5
47 -32 9
58 -12 18
35 24 -29
36 -34 -18
21 -30 -37
16 -41 31
-47 10 31
75 -3 -10
-51 -27 -10
50 -1 37
-26 25 37
21 -31 -36
68 -16 4
-11 -34 43
-14 38 -36
-61 -12 -15
-69 -11 8
-37 -35 16
-33 -35 20
20 34 -34
45 -7 -36
68 -9 -11
-50 5 -33
42 43 3
49 -9 -30
56 -10 22
100
-2 3 2
-1000 1000 1000
2 -23 84
31 7 -71
16 40 -53
-39 -4 -66
-33 -3 -73
26 -34 49
-3 -1 105
-33 -15 61
12 53 44
-34 -8 67
49 -34 26
-48 22 39
30 -2 77
46 16 -47
11 53 45
-15 -21 73
16 52 41
-49 -45 15
-38 38 -33
42 -10 57
-53 27 -29
-49 18 42
45 36 -28
-20 -2 -87
16 -38 55
11 -43 -55
-42 -15 52
-10 10 89
-42 -9 58
27 22 -60
17 30 62
23 -52 -34
-28 8 73
23 -27 -59
20 53 36
33 -14 -62
5 -27 -77
10 0 99
-15 -15 79
25 -16 68
-14 0 95
-11 44 -54
11 5 93
12 -43 54
45 10 54
-15 32 62
-33 -53 23
-8 -48 53
-51 12 -46
-38 -46 -25
9 39 61
-18 -34 57
51 48 -10
-5 46 -58
41 8 60
-14 -1 -94
-6 11 -92
-47 -21 -41
32 -53 24
15 16 78
-28 32 49
0 37 -72
-28 -11 -70
40 17 -52
-6 -35 -68
-47 47 15
32 -9 -68
-32 32 45
47 -30 32
-44 -14 51
49 -30 30
-47 53 9
-47 15 -47
34 49 -26
-21 47 -41
-12 44 -53
-45 11 53
-11 -44 -54
-40 48 21
-17 -7 85
-3 -33 -73
35 23 51
47 4 58
12 51 -46
-13 6 -90
14 -19 76
-26 -20 -63
-45 -17 -47
30 15 -64
-27 9 -73
0 6 -103
-32 39 38
38 17 -54
-7 52 50
4 -10 95
-42 -14 53
7 -50 52
-20 27 -62
-23 19 -67
-43 -19 -47
92
990 990 990
-1000 -1000 -1000
986 994 987
991 991 986
990 991 993
987 989 994
993 986 986
986 994 992
991 988 994
990 991 988
988 987 988
991 988 986
989 986 986
990 987 986
988 991 995
989 986 989
989 992 990
989 995 989
989 995 990
990 991 987
993 988 994
987 991 989
993 992 990
991 986 990
987 993 992
993 993 995
994 990 988
989 987 990
995 990 986
988 995 992
990 993 995
986 986 994
990 990 992
986 992 994
988 989 992
992 992 992
994 987 989
988 989 986
986 994 993
989 986 992
992 994 988
994 986 988
986 990 994
992 989 988
993 991 986
994 990 994
995 995 993
992 990 995
986 986 995
990 993 986
991 992 987
986 988 987
986 995 991
995 987 988
993 986 995
990 988 992
991 991 994
988 986 986
987 992 995
993 986 987
995 988 987
987 991 992
992 993 990
995 987 991
994 987 986
990 992 988
988 987 986
990 988 989
986 990 995
989 986 990
990 987 989
986 987 990
988 992 989
991 994 987
986 995 993
995 993 995
989 988 987
993 994 991
987 989 988
990 988 994
992 990 990
989 987 993
988 994 989
991 991 988
989 987 989
990 994 990
995 989 989
989 986 994
992 986 992
993 988 995
990 986 986
991 995 994
995 994 993
989 989 993
8
0 0 311
0 0 0
-999 1000 -1000
-1000 999 -999
-999 999 -999
-1000 1000 -999
-1000 999 -1000
-999 999 -1000
-999 1000 -999
-1000 1000 -1000
99
1000 -1000 1000
-677 677 -677
-705 613 -597
-669 599 -817
-798 522 -566
-672 684 -692
-565 759 -547
-691 613 -522
-519 747 -533
-785 528 -593
-705 683 -765
-786 741 -526
-701 619 -679
-757 691 -640
-714 600 -549
-679 706 -732
-520 716 -602
-576 561 -820
-828 556 -609
-708 766 -830
-665 714 -675
-726 776 -714
-747 604 -679
-557 525 -611
-617 525 -708
-710 671 -713
-809 683 -590
-570 745 -775
-770 551 -645
-605 651 -642
-790 816 -726
-645 655 -643
-540 774 -698
-587 714 -722
-778 561 -717
-791 697 -582
-802 536 -728
-730 656 -660
-743 656 -812
-630 819 -665
-764 653 -566
-722 731 -618
-754 705 -578
-557 834 -546
-602 825 -714
-551 776 -560
-520 610 -615
-719 613 -622
-651 582 -779
-783 784 -543
-742 685 -781
-566 531 -549
-643 607 -647
-775 695 -685
-712 618 -706
-639 725 -800
-598 716 -821
-521 630 -559
-588 741 -596
-690 776 -626
-774 642 -517
-827 571 -725
-618 741 -632
-682 552 -569
-792 537 -677
-548 709 -685
-755 651 -684
-575 621 -757
-623 664 -572
-568 618 -605
-764 830 -541
-649 589 -607
-641 803 -552
-710 703 -535
-704 703 -537
-528 677 -599
-830 779 -540
-589 805 -702
-694 757 -676
-530 591 -805
-547 677 -792
-580 617 -725
-792 677 -753
-700 657 -633
-612 688 -696
-536 538 -621
-653 642 -631
-748 518 -627
-815 685 -541
-571 709 -568
-595 749 -825
-660 635 -643
-832 619 -561
-599 820 -581
-735 594 -559
-774 573 -588
-593 607 -773
-774 754 -720
-554 726 -713
-790 560 -663
-733 597 -789
8
0 0 0
0 311 0
-999 -1000 -1000
-1000 -1000 -999
-1000 -999 -999
-999 -999 -1000
-1000 -999 -1000
-1000 -1000 -1000
-999 -999 -999
-999 -1000 -999
