8
1 7
1 1
2 920
50 120
50 120
1 32
7 4
3 240
10 20
20 30
30 10
100 100000000
250 250
250 250
250 250
250 250
250 250
250 250
250 250
250 250
250 250
250 250
250 250
250 250
250 250
250 250
250 250
250 250
250 250
250 250
250 250
250 250
250 250
250 250
250 250
250 250
250 250
250 250
250 250
250 250
250 250
250 250
250 250
250 250
250 250
250 250
250 250
250 250
250 250
250 250
250 250
250 250
250 250
250 250
250 250
250 250
250 250
250 250
250 250
250 250
250 250
250 250
250 250
250 250
250 250
250 250
250 250
250 250
250 250
250 250
250 250
250 250
250 250
250 250
250 250
250 250
250 250
250 250
250 250
250 250
250 250
250 250
250 250
250 250
250 250
250 250
250 250
250 250
250 250
250 250
250 250
250 250
250 250
250 250
250 250
250 250
250 250
250 250
250 250
250 250
250 250
250 250
250 250
250 250
250 250
250 250
250 250
250 250
250 250
250 250
250 250
250 250
100 123456
250 250
250 250
250 250
250 250
250 250
250 250
250 250
250 250
250 250
250 250
250 250
250 250
250 250
250 250
250 250
250 250
250 250
250 250
250 250
250 250
250 250
250 250
250 250
250 250
250 250
250 250
250 250
250 250
250 250
250 250
250 250
250 250
250 250
250 250
250 250
250 250
250 250
250 250
250 250
250 250
250 250
250 250
250 250
250 250
250 250
250 250
250 250
250 250
250 250
250 250
250 250
250 250
250 250
250 250
250 250
250 250
250 250
250 250
250 250
250 250
250 250
250 250
250 250
250 250
250 250
250 250
250 250
250 250
250 250
250 250
250 250
250 250
250 250
250 250
250 250
250 250
250 250
250 250
250 250
250 250
250 250
250 250
250 250
250 250
250 250
250 250
250 250
250 250
250 250
250 250
250 250
250 250
250 250
250 250
250 250
250 250
250 250
250 250
250 250
250 250
100 79823
96	13
208	57
102	162
20	45
126	158
144	80
171	235
87	150
240	96
168	161
2	95
213	66
57	114
247	76
40	111
202	78
68	200
66	130
69	2
48	164
236	173
75	21
176	250
172	163
133	189
63	149
18	189
226	185
130	180
38	41
68	87
123	118
68	118
125	210
22	145
139	43
172	9
26	50
9	59
170	53
50	199
154	39
168	64
124	75
100	118
85	243
208	170
101	102
241	30
236	200
149	172
175	92
152	134
95	126
221	1
186	233
249	14
246	108
84	161
172	40
176	217
98	121
191	51
147	236
20	67
169	140
159	6
103	141
30	10
56	148
206	156
163	249
212	2
140	159
87	50
177	116
212	109
11	74
62	250
219	33
31	87
129	110
160	239
147	84
86	249
1	120
80	244
192	25
29	8
93	102
214	150
249	175
200	179
102	224
204	38
86	53
94	131
114	27
159	177
24	84
100 1380
1	1
1	1
1	1
1	1
1	1
1	1
1	1
1	1
1	1
1	1
1	1
1	1
1	1
1	1
1	1
1	1
1	1
1	1
1	1
1	1
1	1
1	1
1	1
1	1
1	1
1	1
1	1
1	1
1	1
1	1
1	1
1	1
1	1
1	1
1	1
1	1
1	1
1	1
1	1
1	1
1	1
1	1
1	1
1	1
1	1
1	1
1	1
1	1
1	1
1	1
1	1
1	1
1	1
1	1
1	1
1	1
1	1
1	1
1	1
1	1
1	1
1	1
1	1
1	1
1	1
1	1
1	1
1	1
1	1
1	1
1	1
1	1
1	1
1	1
1	1
1	1
1	1
1	1
1	1
1	1
1	1
1	1
1	1
1	1
1	1
1	1
1	1
1	1
1	1
1	1
1	1
1	1
1	1
1	1
1	1
250	100
1	1
1	1
1	1
1	1