100
2 1
100 20
200 10
2 2
100 20
200 10
3 2
100 10
100 10
100 10
4 2
9 3
7 1
10 1
8 4
6 1
10061 48
13090 1
3929 377283
3962 342247
3562 357317
3236 341647
10 2
760231 716273
464974 921306
563774 336718
901835 831071
117665 386267
504234 422227
386608 423560
250976 166814
814198 332510
525954 73388
4 3
25802 2020
29226 2015
25389 2987
292154 42
7 1
29952 2156
292268 41
28960 2303
26218 2586
28902 2517
251546 98
29325 2860
4 3
3132 391970
3904 362400
15050 15
3304 363402
9 2
335207 102275
87360 392437
64760 529390
273802 125212
42368 809179
227379 150776
63228 542217
780070 43949
38189 897727
6 1
19891 73
3889 391978
15413 11
3805 363020
3342 378543
3165 390042
7 4
17316 308154
585858 9108
37674 141636
251082 21252
78039 68376
16744 318681
60606 88044
6 2
237031 7
298568 32
22022 2521
28492 2050
25642 2440
28121 2815
6 4
101687 541678
597395 92203
90083 611454
74866 735736
126595 435101
190897 288541
4 3
363636 102254
585858 63468
131979 281736
157122 236652
9 5
8602 304668
55692 47058
21879 119784
64584 40579
16926 154836
327267 8008
18538 141372
306306 8556
177606 14756
4 3
23452 601398
20664 682539
68376 206271
727272 19393
5 1
21401 2169
20745 2582
212604 93
27173 2846
271374 80
7 3
137052 34489
539128 668969
283388 512247
272898 384836
133801 54926
621398 124717
355774 382465
7 5
68250 981999
191428 350113
707634 94712
492859 135985
133254 502960
93068 720134
805217 83234
2 1
3425 359602
16152 41
2 2
44574 101556
27094 167076
9 6
26753 422533
12388 912498
30969 365011
22973 492057
65410 172818
22581 500599
160057 70625
278438 40598
111339 101528
7 3
439501 215845
208159 455729
112806 840949
687411 138002
399043 237729
716296 132437
840949 112806
2 2
995193 89096
95976 923853
7 1
22255 2434
29914 2610
232816 18
221751 40
29046 2310
23537 2695
29884 2278
3 2
23823 2580
25110 2162
222783 98
2 1
297119 62
20257 2245
6 1
860613 746761
304050 159081
712756 576676
970375 456439
303013 816141
456042 357841
10 10
1000000 1000000
1000000 1000000
1000000 1000000
1000000 1000000
1000000 1000000
1000000 1000000
1000000 1000000
1000000 1000000
1000000 1000000
1000000 1000000
5 1
775775 76878
162086 367953
263035 226738
187096 318767
183267 325427
10 5
10510 16
3131 313396
3297 307939
19368 46
3884 351317
3292 396707
3188 317922
3054 376170
17943 4
3620 382590
8 2
83329 485420
145341 278308
43746 924646
359622 112478
549370 73629
385660 104884
116716 346564
262227 154254
10 6
283361 267888
633071 119906
695112 109204
83026 914280
181088 419183
512871 148008
790406 96038
249078 304760
776531 97754
125739 603703
2 1
3208 337437
15786 13
7 5
75516 485760
346820 519580
563317 98290
556770 704535
972046 183779
240751 745143
17288 75379
4 1
224768 805872
723944 638325
104642 506028
486655 292204
5 2
369558 551838
498808 437378
612502 184298
416508 342152
366916 850142
2 1
22969 2454
220985 79
5 2
15073 58
3326 342005
10876 43
3001 336619
3107 326212
1 1
1 1
10 3
3393 359986
15624 62
14243 54
3678 320339
3759 308552
3594 319901
3664 365983
11748 53
3834 348640
3510 360238
10 5
299523 32
26391 2920
227172 49
29963 2958
28884 2194
26645 2813
25241 2257
22114 2145
29772 2434
284944 94
5 2
3248 360062
3322 369016
3259 356624
16738 96
19770 24
8 3
23957 2857
210669 31
28210 2164
29617 2487
21449 2633
240283 62
20420 2194
20028 2295
9 4
3025 326952
3155 323454
3112 324552
17030 80
3523 380338
3868 382494
3570 374657
19304 70
3392 385183
3 2
776299 87757
129736 525110
725042 93961
4 1
392726 265488
664655 641268
960040 633002
388954 756153
6 4
82984 118881
414018 23828
31119 317016
871794 11316
183816 53669
59409 166056
7 4
837904 116496
531447 183673
383290 254670
859000 113635
160698 607428
265345 367870
303101 322046
6 4
20528 2947
246942 76
29902 2544
20145 2900
27292 2253
256832 69
4 1
3376 345275
3650 345181
3548 320874
19653 57
3 1
29584 2448
20701 2134
299423 28
3 2
10701 807576
161253 53592
308154 28044
10 5
3616 361212
15729 53
3499 307272
3688 307385
18997 56
3240 303530
3702 311100
3749 324495
3719 384898
12753 69
10 4
8092 45695
118773 555910
795694 277159
987218 131760
665121 97649
924983 401527
756572 521642
46825 457261
414750 366656
705097 671997
6 1
155072 684663
719869 981614
412001 717702
956011 166860
883432 462165
977069 457441
9 5
25382 2697
24839 2731
20362 2842
227794 64
28968 2013
26076 2929
239951 47
20839 2520
26180 2323
7 4
664892 915699
639511 114085
495163 992006
898097 445745
984180 648396
212741 572869
689298 147005
10 7
855763 564636
132131 321701
92518 868689
73623 114717
81243 683951
391031 662496
62069 552181
356100 398966
925629 289653
610065 849695
7 4
9269 715176
103974 63756
16926 391644
25542 259532
398567 16632
6696 989989
774774 8556
5 1
605513 76348
183401 252069
60804 760307
331712 139367
375549 123099
3 2
30044 967518
270396 107502
99876 291042
5 2
3305 329864
3169 399730
3868 373493
16002 40
11184 97
8 4
146482 598737
285245 284748
777982 254074
970762 619364
239036 511990
318922 668307
509179 727368
556649 323363
9 6
278334 680741
500628 626927
553071 82755
354576 977631
751072 48544
223899 916973
972346 258140
826325 401569
973170 140010
4 1
17833 55
3616 379427
3300 383910
3733 393478
5 1
23416 2682
251925 58
25014 2545
26087 2141
277078 42
2 2
237636 57018
526932 25714
9 5
35742 623844
211048 105651
232323 95976
25668 868686
82584 269997
696969 31992
115713 192696
23828 935766
66378 335916
8 5
13398 487692
64728 100947
462231 14136
17388 375782
392863 16632
116622 56028
59892 109098
381843 17112
5 3
83642 569396
205889 231316
599371 79459
81861 581784
52222 911980
4 1
3918 370204
3807 365674
3900 318377
18800 33
7 4
283272 46053
41151 317016
151844 85914
225148 57942
35496 367521
90132 144738
61404 212454
3 2
15096 864171
26418 493812
493812 26418
2 2
49036 153846
279128 27027
8 4
249071 353027
443621 198207
560031 157007
213832 411205
699424 125716
285676 307792
822410 106916
112550 781242
5 1
29805 2110
29781 2668
271033 82
29320 2349
234585 27
2 1
292848 833160
435941 737809
9 5
13717 334152
5916 774774
5848 783783
7854 583596
14616 313599
31416 145899
92106 49764
276318 16588
39732 115362
8 4
408033 254983
174208 212980
181969 940882
236490 978297
851862 888007
398981 18070
23752 162101
893678 413135
7 3
402744 313228
195262 564367
350157 671101
99588 438173
276280 198912
74983 795057
316409 791493
5 3
61757 527719
358053 91021
44619 730414
746834 43638
131918 247050
7 3
3477 302053
3771 309336
3825 356812
13588 47
3174 359772
11532 31
3930 338602
9 6
6587 426372
353343 882843
86525 109485
502460 835596
647593 784293
723887 174048
528755 610786
617608 718715
422363 908186
2 1
574389 33938
485234 737845
9 5
706266 19684
63714 218196
122322 113652
316274 43956
14763 941688
28413 489288
316008 43993
66584 208791
307692 45182
9 2
239182 88
282164 15
23661 2287
23528 2742
26757 2085
28130 2676
27429 2180
25496 2977
20865 2254
10 6
31668 474858
265512 56637
231768 64883
453096 33189
16744 898101
82708 181818
468234 32116
41847 359352
81809 183816
144522 104052
10 5
18435 67
10496 98
3997 370347
3068 356466
3837 357082
3009 312723
3123 345665
3579 318221
3896 365820
17132 31
5 3
145206 538343
90246 866195
636662 122782
216946 360323
908982 85998
2 1
94587 958511
229096 395741
9 3
373678 99361
443411 83735
200628 185064
97335 381456
649279 57185
84777 437961
725247 51195
55458 669498
627752 59146
7 2
682933 124121
415725 203900
115721 732506
379519 223352
199663 424547
620835 136536
277150 305850
2 1
193119 278702
783630 396354
8 4
148455 379852
547028 103086
461317 122239
62649 900109
84571 666788
359361 156920
109548 514760
367138 153596
9 6
3751 350254
3098 320655
3448 329493
3560 330003
13174 54
3093 388375
18445 58
3693 322772
3841 340087
4 2
23724 2524
28078 2758
20770 2172
248463 73
2 1
207665 20
21170 2990
8 3
14564 78
3882 364205
3339 355085
3984 384799
3547 335754
17272 26
3225 328177
3520 351268
