100
1 1
540 600
840 900
2 0
900 1260
180 540
1 1
1439 1440
0 1
2 2
0 1
1439 1440
1438 1439
1 2
3 4
0 10
1420 1440
90 100
550 600
900 950
100 150
1050 1400
2 0
10 360
1079 1429
4 12
859 876
963 972
496 519
1401 1422
417 437
1110 1125
88 99
1150 1186
1011 1013
225 230
573 593
885 899
172 175
1381 1393
1059 1079
774 776
62 46
162 182
898 902
538 540
393 404
572 574
104 105
767 768
238 246
57 59
105 108
120 126
591 607
693 741
1256 1262
228 229
1179 1184
626 627
672 680
515 538
126 134
1262 1277
1091 1113
54 57
22 40
1044 1046
1003 1012
809 811
1300 1306
1048 1059
1088 1091
187 228
1205 1207
574 586
886 892
897 898
1399 1418
571 572
323 325
437 441
40 50
627 634
634 637
382 393
51 52
259 307
1359 1362
154 157
743 752
670 671
1013 1024
246 247
1428 1429
1 9
134 151
741 743
981 990
910 917
404 425
334 341
686 693
870 886
1024 1026
16 22
956 970
1328 1345
659 670
540 544
1192 1196
835 842
1345 1350
1244 1256
851 856
75 103
826 835
1046 1048
229 235
1306 1318
1422 1428
823 826
950 952
1227 1232
307 309
472 477
902 904
1077 1083
184 185
586 591
1207 1227
1429 1440
352 353
441 462
462 467
1291 1300
182 184
151 154
1362 1386
1358 1359
1197 1200
429 437
856 869
1134 1151
1243 1244
1083 1088
791 809
952 956
990 1003
341 352
1277 1291
0 2
180 540
541 901
66 78
1041 1045
194 209
93 97
545 547
746 751
419 423
1074 1076
751 757
97 99
388 396
1010 1011
408 411
1383 1391
1015 1017
1439 1440
992 1001
19 30
1076 1078
193 194
304 306
438 442
30 35
365 369
288 290
1412 1416
719 725
492 499
1324 1326
1172 1181
676 686
524 527
268 269
161 162
1427 1431
237 248
162 164
655 670
1047 1049
487 490
1407 1410
759 777
792 798
1054 1055
100 105
715 717
109 127
1261 1262
1350 1351
1187 1188
78 79
1366 1370
1061 1068
949 951
561 567
396 401
335 344
1104 1109
1296 1300
1235 1240
1228 1230
222 225
588 593
955 959
757 758
1347 1350
144 154
884 885
505 512
914 926
571 573
984 985
1004 1005
1188 1207
1219 1221
1258 1259
417 419
1277 1284
1410 1412
979 982
830 836
235 236
1085 1088
1161 1163
164 168
39 42
577 582
154 156
570 571
306 307
567 568
1276 1277
452 453
307 312
1300 1303
270 273
686 695
1416 1424
1290 1296
140 142
970 972
292 295
872 884
1310 1318
727 734
501 505
423 427
1262 1276
926 935
1013 1015
1167 1172
1225 1228
778 780
295 304
383 386
60 65
1221 1222
1207 1211
583 588
1335 1339
65 68
705 711
156 161
1305 1310
845 847
811 826
225 230
975 979
512 515
87 89
865 872
990 991
464 472
273 282
330 335
889 896
68 71
35 38
325 327
982 984
799 800
515 518
1125 1133
1287 1290
1005 1010
17 12
680 684
1374 1381
954 966
889 890
790 828
57 58
129 137
170 171
887 889
8 14
1408 1414
1100 1101
771 777
1131 1141
1101 1103
1362 1364
684 696
751 759
1124 1131
1204 1209
728 748
34 36
14 22
828 838
1141 1146
147 149
879 887
527 534
970 971
33 68
1347 1348
305 309
1391 1392
400 402
1185 1188
1096 1099
498 499
1358 1364
804 805
1389 1391
177 178
456 461
1139 1147
815 819
1166 1170
791 796
892 895
501 514
406 412
352 353
576 578
253 258
1239 1243
189 191
284 289
208 209
59 64
1147 1150
319 326
15 16
796 804
490 498
45 59
402 406
920 926
600 602
1300 1311
866 867
292 293
747 748
378 379
178 179
909 916
293 304
671 676
664 667
194 195
183 184
425 426
713 714
651 659
609 611
473 475
1279 1282
565 568
573 575
171 174
682 689
5 7
1392 1402
663 664
1435 1440
773 777
826 828
1031 1032
777 781
931 932
812 815
214 223
1117 1121
174 177
273 275
67 86
1124 1132
1364 1366
937 942
749 751
1319 1323
119 145
1407 1410
828 833
375 378
236 237
859 862
580 593
946 947
463 470
1030 1031
1255 1266
1368 1372
1267 1279
1288 1292
676 682
1011 1013
638 641
30 33
97 99
1019 1020
542 553
787 791
767 769
87 75
533 539
46 50
1123 1126
777 778
1007 1008
1126 1129
220 223
778 779
1198 1200
1273 1276
458 459
1129 1135
634 636
16 18
647 662
746 748
524 526
991 998
158 159
795 796
775 777
1395 1396
193 196
1115 1117
58 59
1312 1313
351 364
1179 1189
345 346
773 774
1068 1071
1272 1273
1268 1272
276 280
50 52
135 138
779 782
1414 1416
540 541
486 495
935 940
518 524
364 365
100 104
3 6
916 920
529 533
1160 1161
390 400
1399 1400
294 296
1326 1334
1251 1252
78 83
920 921
14 16
1240 1245
1197 1198
289 290
252 254
323 337
1313 1317
1252 1260
218 220
159 166
447 455
1310 1312
623 628
1277 1279
898 904
148 151
495 514
552 560
183 187
816 819
1112 1115
1092 1105
966 971
541 545
459 477
1337 1343
732 734
1060 1066
223 238
1153 1155
1200 1211
1031 1032
59 64
1049 1057
201 212
1211 1225
1039 1043
928 930
1280 1281
308 312
855 858
1320 1321
246 251
1265 1267
755 756
678 684
1291 1305
850 851
64 73
108 124
975 976
1276 1277
1267 1268
695 697
912 913
685 692
684 685
756 759
791 795
292 294
1019 1025
170 172
216 218
6 14
882 888
1035 1039
172 177
83 88
1398 1399
346 349
564 568
418 421
1279 1280
1107 1111
598 604
971 972
1071 1072
1287 1291
1066 1068
930 935
976 981
782 785
633 634
436 438
1118 1120
692 695
146 148
1322 1325
1159 1160
526 529
126 135
52 53
1163 1179
572 573
545 546
365 366
429 432
1010 1019
481 483
1111 1112
73 78
616 622
851 852
562 564
835 850
546 552
104 108
61 25
599 604
1043 1049
1341 1349
1105 1110
117 126
482 488
184 191
650 659
1000 1004
558 561
69 71
1198 1207
191 197
1416 1423
320 322
346 364
1240 1243
378 380
264 277
87 90
59 67
970 974
517 527
1018 1030
913 916
328 333
1404 1408
292 294
595 598
828 843
491 504
1310 1313
182 184
639 646
15 25
1247 1248
380 384
887 891
704 715
848 849
1354 1362
1277 1278
1160 1162
105 106
345 346
1426 1434
412 413
506 511
1336 1341
438 443
1301 1310
579 580
364 378
765 766
974 977
43 57
90 94
543 547
114 115
221 224
1172 1180
681 687
1373 1374
1389 1392
1049 1055
1137 1144
262 264
448 450
1180 1198
247 251
384 389
794 826
908 913
566 579
1015 1016
57 59
1207 1212
165 173
462 469
662 681
511 517
445 447
251 255
426 432
1062 1065
754 762
68 19
123 130
783 796
252 258
1042 1048
673 681
241 247
249 252
1408 1409
161 166
660 673
549 562
1083 1084
1030 1042
323 369
826 830
385 394
1358 1364
411 413
818 820
1128 1130
760 764
840 849
962 965
1309 1338
122 123
247 249
503 513
229 241
384 385
849 863
965 966
765 780
681 683
403 409
265 269
32 38
1019 1024
830 839
591 610
1009 1017
149 152
863 891
1220 1230
898 925
642 648
570 571
925 954
84 87
954 956
563 570
212 220
413 442
817 818
102 108
720 745
1114 1120
130 146
982 993
108 122
1024 1025
87 89
1256 1309
466 469
1387 1390
993 1006
1409 1416
1135 1172
220 229
38 57
25 32
442 466
780 783
1210 1220
1391 1408
694 697
1120 1124
1124 1128
146 149
572 581
152 161
808 817
1062 1064
409 411
1080 1083
394 403
614 642
839 840
68 90
1185 1187
896 897
61 72
424 430
1033 1034
315 316
1076 1081
31 32
1212 1222
1192 1193
1097 1099
939 945
1046 1051
1299 1309
489 500
1101 1105
368 370
900 906
739 743
1372 1383
800 803
870 878
104 106
626 639
544 546
477 480
1296 1299
188 190
461 466
467 477
762 767
146 147
1148 1151
1061 1064
862 870
816 817
1161 1172
884 891
1054 1057
510 512
441 444
1105 1112
411 412
1265 1266
778 782
7 9
531 532
733 737
823 826
960 962
50 52
421 424
274 278
832 838
1172 1177
420 421
1013 1015
841 857
1312 1317
409 411
1222 1223
750 756
432 434
1431 1440
639 641
1032 1033
1351 1353
487 489
1016 1024
950 953
1322 1323
1093 1095
124 126
106 109
391 395
1136 1137
756 762
1002 1003
109 110
18 31
1325 1326
183 188
892 895
793 796
1326 1327
190 191
641 652
925 926
213 221
860 862
926 929
546 547
1137 1140
78 79
788 789
1029 1032
327 328
976 983
953 959
313 314
743 749
32 35
430 431
677 679
1279 1287
986 988
984 986
412 413
1145 1146
991 993
817 821
525 531
930 933
328 330
737 739
15 18
1317 1322
973 976
1034 1038
1197 1208
949 950
131 132
1277 1279
177 183
895 896
1227 1228
132 142
480 482
57 61
316 327
14 15
79 81
453 454
1324 1325
1209 1210
1356 1370
724 733
1228 1230
278 279
563 589
777 778
749 750
826 831
547 555
450 451
370 373
618 620
437 438
381 391
10 13
210 213
169 170
1001 1002
1335 1338
983 984
307 312
456 461
1247 1260
41 34
330 333
1102 1114
1359 1370
762 769
391 398
350 362
1119 1138
28 49
850 858
1357 1358
1198 1223
758 761
832 839
677 686
1332 1334
839 840
454 457
466 474
1076 1082
333 335
593 627
1008 1015
371 375
1296 1315
891 902
769 773
651 656
56 63
911 917
1341 1345
725 730
412 435
1143 1147
1435 1440
1351 1357
1223 1231
151 184
701 702
863 871
1094 1096
398 412
1058 1066
814 816
435 436
983 984
699 701
513 521
240 247
687 699
138 151
109 114
296 311
1334 1341
184 198
1084 1094
8 28
917 921
521 551
752 758
1270 1275
921 932
662 677
511 513
648 650
558 593
1358 1359
787 793
53 56
557 558
1370 1394
1082 1084
840 850
452 454
968 983
749 752
34 48
6 8
637 669
56 76
289 295
100 104
357 363
1374 1375
1083 1094
679 683
537 541
794 809
605 612
295 298
1400 1403
1045 1047
536 537
8 23
154 160
363 366
416 422
683 685
1375 1384
1271 1273
600 605
248 255
1369 1370
1047 1052
1370 1374
1279 1282
709 729
395 409
1174 1192
1192 1199
130 139
1338 1341
1129 1133
422 453
1080 1083
5 6
546 578
288 289
302 309
1282 1290
1246 1256
1016 1024
495 507
1427 1428
783 794
1117 1129
685 703
1115 1117
343 353
729 755
1256 1260
669 670
1052 1054
309 326
1363 1364
1366 1369
98 100
326 328
105 129
1111 1112
590 591
453 474
373 390
889 912
636 637
819 823
1416 1423
1296 1298
930 986
172 186
883 889
409 414
823 833
164 172
844 849
104 105
1097 1104
760 783
1173 1174
67 15
887 889
788 793
997 1005
548 549
659 674
1358 1362
810 811
227 229
909 922
337 351
674 676
1064 1066
563 565
473 490
1342 1346
1259 1283
71 78
1066 1069
823 824
1206 1232
1022 1026
1096 1099
1086 1087
922 942
179 180
880 882
785 786
246 247
1144 1146
50 57
362 376
250 257
432 442
49 50
676 682
1289 1303
398 407
1430 1434
1352 1358
780 785
1350 1352
1092 1096
83 90
1171 1180
247 249
66 71
220 227
234 236
793 804
829 831
1377 1383
1284 1285
25 28
624 629
1422 1428
308 316
872 876
693 699
1117 1121
822 823
387 398
1303 1311
421 423
141 145
413 421
977 980
218 220
327 337
45 47
732 739
1387 1390
96 121
305 308
787 788
530 534
167 176
24 25
490 494
840 855
831 838
93 96
1340 1342
58 56
1054 1060
58 62
505 512
952 957
922 939
1038 1040
540 556
370 377
417 423
477 504
187 191
605 623
182 187
627 635
1208 1221
820 830
804 808
1157 1171
717 757
1371 1372
47 51
556 586
939 946
1393 1401
535 537
1229 1233
513 526
93 124
1425 1429
1401 1403
1255 1260
599 605
129 131
635 636
1123 1127
1299 1305
1127 1131
1221 1223
982 985
24 47
51 58
131 133
432 443
694 697
697 717
1429 1430
813 820
124 129
537 540
794 800
236 238
504 505
137 144
1412 1415
691 694
664 691
957 960
512 513
1403 1412
154 173
1415 1418
423 432
257 293
985 998
835 860
62 82
1313 1320
404 415
2 15
82 83
1297 1298
586 588
1380 1393
1372 1380
15 24
293 307
1430 1440
1074 1106
1131 1157
624 627
255 257
1277 1297
316 327
588 592
338 366
1419 1422
144 148
1298 1299
415 417
1320 1323
366 370
1418 1419
872 883
860 872
385 404
1422 1425
1106 1123
592 599
1336 1362
247 250
757 789
191 236
1060 1074
526 535
623 624
1198 1208
1052 1054
133 137
1223 1227
1260 1277
946 952
327 338
179 182
1233 1255
0 2
0 1
1439 1440
19 21
20 52
55 58
580 592
89 97
852 861
831 832
298 301
1352 1375
395 398
277 282
628 630
306 313
942 953
776 780
955 969
221 232
969 977
522 527
58 60
1135 1136
750 761
125 131
232 238
284 292
925 934
637 640
301 303
472 479
199 211
1236 1241
527 540
282 284
383 385
708 712
1032 1037
159 178
1389 1407
1089 1096
551 553
238 248
0 2
180 540
540 900
38 82
912 920
944 945
411 425
945 958
787 801
427 428
1170 1171
1071 1086
1007 1009
466 479
1371 1375
1043 1044
904 908
1181 1182
1330 1337
902 904
5 14
117 124
148 154
162 164
1300 1302
1152 1153
194 195
851 852
939 944
240 246
563 565
513 520
1375 1384
704 713
761 774
489 494
428 430
1364 1368
1337 1342
360 364
200 203
1355 1361
1408 1411
318 329
725 731
801 810
254 255
632 653
1090 1100
1193 1197
203 204
164 172
1145 1152
1210 1216
1351 1355
91 93
1276 1291
880 891
1032 1043
172 185
364 370
375 379
1060 1066
198 200
612 616
920 928
931 935
559 563
1110 1134
329 336
1438 1440
810 811
928 929
774 787
1216 1232
430 437
901 902
190 194
958 961
838 843
124 130
1028 1032
653 655
336 337
1309 1317
828 832
228 232
23 33
596 598
667 670
385 389
494 506
59 85
1186 1189
1086 1090
510 513
1263 1275
1275 1276
827 828
1189 1193
751 761
1171 1177
1066 1067
1046 1047
232 240
461 462
590 596
1321 1327
656 667
601 604
1427 1436
598 601
1067 1071
482 483
900 901
95 102
370 375
277 303
394 411
573 590
703 704
274 277
826 827
218 227
58 16
89 90
79 89
905 906
1432 1436
1265 1267
925 944
1236 1265
657 674
1221 1230
1395 1408
1267 1297
1041 1061
276 285
90 94
401 420
350 361
1092 1102
1136 1158
765 767
338 345
641 642
313 318
844 845
103 155
623 633
906 913
1112 1113
814 837
1303 1305
565 589
474 479
1346 1349
1312 1325
1160 1161
841 844
847 863
1436 1437
28 38
160 161
1333 1337
398 401
1039 1041
1360 1374
212 213
514 565
1010 1011
49 61
259 276
199 212
845 847
740 743
318 333
1158 1160
1064 1092
866 867
767 768
391 394
1161 1163
596 623
1165 1221
977 1010
653 657
1305 1312
334 338
837 840
1408 1432
1437 1439
361 376
712 717
311 313
173 188
20 26
1349 1360
241 251
24 53
749 753
629 633
356 369
210 215
1216 1219
1378 1380
782 794
960 976
1086 1087
320 333
633 639
66 76
871 875
565 594
515 517
345 350
267 280
1340 1352
1338 1340
643 647
1262 1263
512 515
76 80
1139 1146
452 456
647 652
891 892
494 498
927 930
240 246
716 724
371 374
1434 1440
838 841
1411 1418
1004 1016
431 450
1087 1088
726 728
1213 1216
1270 1272
1383 1397
892 895
458 464
413 415
811 818
863 871
286 320
26 31
687 688
1149 1151
470 475
1364 1365
976 990
1071 1086
1113 1116
204 210
153 157
1397 1403
819 821
45 57
475 476
57 66
406 410
612 619
1381 1383
915 916
280 286
142 153
91 93
990 994
498 512
641 643
1027 1037
123 124
694 710
93 101
0 100
521 523
1166 1178
473 476
531 533
1134 1138
85 89
416 425
181 187
527 531
105 106
866 867
1198 1201
359 360
1282 1296
1188 1198
268 278
779 780
990 992
219 225
459 460
953 970
608 610
736 740
1354 1356
96 101
851 856
278 285
1057 1058
860 866
555 562
546 550
1068 1080
1150 1157
612 615
1418 1421
16 26
1381 1383
101 103
1315 1323
431 436
325 326
572 579
457 458
1107 1108
298 303
525 527
1138 1143
580 583
1143 1149
975 987
1217 1220
319 322
788 790
235 236
1213 1217
628 632
637 640
476 482
732 734
597 603
201 202
881 882
817 821
465 466
360 366
75 83
1149 1150
1431 1432
1178 1181
1039 1040
1348 1351
893 896
657 658
347 348
1296 1299
26 31
1432 1437
896 902
357 359
168 181
160 168
122 127
804 806
1281 1282
1404 1410
1201 1203
1014 1016
508 516
1157 1166
218 219
106 110
664 684
806 816
261 268
1203 1207
202 216
780 781
1207 1213
838 842
782 788
33 31
36 37
1182 1185
1307 1311
835 837
1122 1124
1396 1398
875 883
562 572
1380 1396
689 692
1023 1036
448 449
180 181
849 856
95 100
41 42
535 554
982 984
596 609
526 528
864 867
1360 1364
143 152
742 743
768 769
242 245
1364 1376
409 413
793 821
1191 1194
1435 1440
486 488
984 992
635 636
262 264
1303 1307
413 423
1379 1380
576 585
979 982
1311 1316
595 596
1070 1071
872 875
642 646
834 835
751 752
423 426
837 849
1161 1165
380 385
1129 1132
193 196
160 164
112 119
946 967
64 68
975 976
363 364
439 446
752 757
18 33
264 266
791 792
1 66
1038 1045
1051 1052
801 802
526 544
22 38
828 838
921 925
9 22
120 124
411 412
1323 1328
5 9
1283 1304
891 893
183 186
904 911
1095 1115
1089 1095
240 250
86 90
768 769
1009 1015
455 467
547 556
1255 1267
512 522
1434 1437
235 240
628 654
559 563
1201 1202
38 40
1033 1038
1438 1439
822 824
956 982
161 170
195 217
1336 1341
1204 1208
1071 1072
754 764
1439 1440
818 822
797 801
405 411
882 889
611 616
765 768
893 896
441 442
782 797
1115 1119
271 276
774 775
1151 1169
1220 1236
376 383
1333 1336
1005 1009
170 178
1133 1143
217 220
336 341
1121 1124
573 575
40 43
66 66
252 268
1194 1201
474 485
485 492
1214 1215
128 130
1215 1218
501 507
927 929
1065 1066
49 51
1430 1438
54 63
355 360
1168 1175
648 653
760 769
1307 1318
604 606
801 804
168 169
201 205
900 902
653 658
1031 1032
64 69
169 172
1050 1052
1094 1105
1209 1210
977 982
1411 1422
1029 1031
281 285
1241 1244
1201 1203
1037 1038
185 192
343 344
193 201
1232 1239
1324 1326
1299 1300
285 304
904 905
140 143
1013 1023
1038 1043
769 771
634 642
492 501
1354 1356
846 867
314 315
1271 1285
1362 1368
1351 1354
433 439
1266 1268
409 418
1204 1209
844 846
1265 1266
149 168
929 930
70 103
35 41
1078 1088
902 904
205 215
976 977
1066 1073
215 216
905 927
676 677
797 798
348 355
1326 1328
597 602
360 370
344 348
602 604
1230 1232
1318 1324
658 676
571 576
632 634
1106 1124
1229 1230
882 887
778 782
1062 1065
1073 1078
1405 1411
103 115
1374 1377
936 947
1008 1013
576 581
340 343
380 384
698 704
454 461
1025 1026
887 900
1292 1299
29 35
581 595
1105 1106
1218 1226
771 778
1289 1292
677 684
989 1002
834 838
547 552
1203 1204
115 128
449 451
41 49
642 648
973 976
782 797
1023 1025
1210 1214
268 281
384 386
1288 1289
824 833
684 698
63 64
833 834
2 48
43 44
937 943
5 6
1361 1368
553 564
1179 1182
1421 1429
1007 1023
1399 1411
950 954
954 973
529 538
794 797
922 929
911 917
1257 1270
238 242
191 192
289 300
1368 1382
74 94
3 5
200 204
1355 1356
143 155
117 122
1155 1161
616 631
594 612
612 616
1128 1131
1228 1234
640 642
192 196
212 214
476 481
1439 1440
903 911
196 200
1216 1228
1349 1355
273 275
56 63
54 56
6 12
1056 1058
1411 1416
1076 1088
1109 1115
127 133
35 26
779 781
280 281
1036 1039
631 632
594 596
682 684
580 588
701 710
1383 1386
1099 1102
1237 1239
24 30
1151 1157
781 789
183 195
710 712
422 437
1004 1007
1236 1237
1348 1355
576 580
882 896
933 947
1283 1290
920 933
807 812
690 697
402 412
147 149
1307 1315
316 319
1123 1140
609 613
644 648
697 700
1387 1399
1056 1063
1267 1273
492 494
519 524
1366 1371
746 766
22 24
1187 1188
1063 1065
992 997
205 220
681 682
236 238
684 689
700 701
824 826
712 719
149 150
16 22
1168 1176
1217 1218
494 503
1218 1219
1178 1184
789 794
29 78
865 870
591 598
669 673
103 105
220 221
841 865
1406 1413
820 821
1048 1058
1217 1227
600 602
416 417
668 669
1365 1367
1078 1082
1128 1132
152 164
1278 1279
778 789
692 709
364 366
584 591
499 521
53 58
1196 1201
105 109
48 53
287 295
196 197
1371 1386
985 986
63 64
64 74
685 686
725 730
572 581
257 259
1082 1116
352 357
1123 1128
171 175
749 773
1202 1206
1413 1418
987 1012
1157 1163
661 666
259 277
744 749
979 985
464 468
78 93
306 307
4 19
438 453
1149 1157
811 820
118 119
1206 1213
1213 1214
1148 1149
1227 1228
634 660
881 887
1239 1240
608 614
62 63
521 525
925 927
605 608
383 391
391 393
468 474
366 379
1214 1217
124 135
1326 1356
1045 1047
686 692
912 914
887 893
202 203
19 23
74 77
526 528
412 416
660 661
1418 1435
789 806
1258 1278
141 152
93 102
821 823
938 946
1253 1258
1306 1322
542 555
175 176
255 257
1069 1073
1163 1174
42 48
679 685
1201 1202
1028 1041
176 195
1017 1021
74 89
365 366
295 310
665 666
1332 1340
75 76
750 752
1 20
1178 1181
562 565
692 693
96 97
1152 1153
1053 1057
565 566
1284 1287
315 319
939 942
53 66
797 800
368 373
247 256
1153 1155
1329 1331
44 50
1033 1035
897 898
1207 1220
524 525
424 430
271 274
1243 1253
336 338
525 528
1163 1171
1264 1265
373 381
310 315
805 811
1409 1410
1102 1107
1405 1409
430 436
319 320
1155 1157
835 836
166 167
892 893
985 991
873 875
1304 1305
1006 1008
673 687
972 979
97 103
713 720
687 689
693 698
468 469
278 284
610 614
1196 1207
824 825
20 30
1065 1069
1023 1033
407 411
1362 1363
1371 1375
830 835
284 287
439 448
689 692
1171 1177
844 849
135 147
268 270
921 939
915 916
1125 1132
1266 1269
1430 1431
1348 1355
1413 1430
231 237
1399 1405
330 336
198 204
243 246
1388 1390
467 468
910 915
557 562
502 505
1287 1295
619 631
983 985
1060 1062
1258 1264
1057 1060
436 439
800 805
730 731
786 787
614 619
192 196
528 532
866 869
787 788
1305 1312
1375 1387
942 943
469 474
893 897
761 773
359 361
196 198
836 843
1116 1117
829 830
703 705
898 910
1083 1098
1387 1388
1190 1192
1021 1023
869 873
552 557
882 890
456 457
566 567
287 295
421 424
507 524
698 703
720 723
1118 1119
1241 1242
540 541
943 946
1069 1077
389 407
1013 1021
726 730
328 329
788 797
76 80
532 535
320 326
326 328
500 502
666 668
991 999
705 713
1344 1348
543 549
631 637
342 345
167 168
639 646
752 756
811 823
476 477
1008 1013
21 38
982 988
729 736
153 161
1243 1246
285 290
316 319
251 258
556 560
1025 1028
461 477
953 958
1169 1170
312 314
801 808
1431 1434
235 236
595 597
988 990
300 302
510 515
1434 1436
319 322
1176 1184
1425 1427
1337 1338
171 174
674 676
15 35
349 355
990 992
885 892
1021 1025
1166 1169
1256 1259
355 361
1299 1306
738 746
1411 1425
1259 1271
1366 1368
250 251
892 901
1242 1243
125 135
120 125
945 946
1369 1378
1318 1319
1048 1050
1050 1057
575 576
1174 1175
661 669
262 285
560 568
387 393
174 180
720 723
1096 1101
0 2
1080 1440
0 360
38 98
231 249
732 733
541 542
632 633
450 469
1024 1032
394 398
39 44
124 138
511 527
1181 1195
542 562
1407 1408
429 446
897 923
507 511
1225 1228
925 928
473 481
372 377
536 539
122 123
562 568
682 689
532 536
1097 1099
1210 1217
283 284
1109 1111
271 278
675 682
776 779
861 862
215 222
280 283
923 925
387 392
758 761
249 261
1111 1114
950 961
278 279
628 632
1383 1387
1238 1243
261 267
1099 1106
1292 1302
321 327
304 306
578 586
1221 1225
1336 1341
961 971
997 1002
179 191
844 849
815 818
1415 1421
772 776
1289 1292
168 174
138 140
1429 1436
306 307
779 790
568 569
862 897
83 91
986 988
448 449
620 623
689 696
299 304
569 571
1137 1142
95 101
1006 1007
1253 1262
709 714
652 656
1076 1087
726 732
1397 1406
849 853
1173 1181
1319 1331
938 943
1365 1374
1143 1146
747 748
750 753
327 338
45 53
312 313
696 697
723 726
742 747
790 805
1032 1034
222 231
993 995
762 763
175 177
1002 1006
1237 1238
449 450
307 312
377 387
1387 1397
499 507
1095 1096
1195 1196
297 299
1142 1143
928 930
761 762
756 758
284 286
1204 1210
400 402
392 394
1243 1253
1331 1336
989 993
338 339
425 429
769 772
1092 1095
148 155
191 203
1413 1414
1126 1130
1146 1151
1151 1159
703 709
1 47
961 962
470 482
1150 1152
636 637
1330 1333
1088 1098
972 985
345 346
1018 1022
88 96
900 908
245 261
192 203
207 208
209 226
935 936
369 372
161 180
665 691
489 495
1333 1341
37 41
1078 1085
885 887
529 532
364 369
962 963
963 967
1048 1049
1383 1403
749 773
578 583
743 749
889 893
180 183
354 357
624 634
1153 1158
740 743
270 297
436 446
1144 1150
372 376
388 390
96 97
909 914
843 848
24 27
90 74
1305 1316
104 113
927 938
1015 1017
1382 1383
1079 1081
563 581
214 231
1191 1192
164 183
1106 1107
1107 1115
606 620
895 903
1304 1305
124 129
1399 1403
32 34
562 563
266 270
862 868
462 466
1151 1154
691 704
361 371
195 200
270 279
1365 1366
646 647
129 133
1017 1026
1217 1230
1206 1208
679 683
358 361
1049 1053
1002 1010
41 48
994 995
1154 1165
79 81
287 309
647 652
549 560
778 779
589 605
690 691
391 398
113 114
343 348
779 780
1208 1214
1166 1173
461 462
1403 1411
995 998
830 833
1412 1428
877 878
480 488
880 888
833 844
231 266
1372 1375
623 635
423 445
844 846
48 50
1323 1334
34 36
1241 1250
704 707
114 118
371 391
1240 1241
1265 1286
963 989
488 517
157 164
1134 1151
1230 1240
780 787
1115 1122
309 311
911 912
1389 1399
905 911
1378 1382
133 142
744 747
1010 1012
142 152
1411 1412
1192 1193
635 640
351 358
1063 1079
50 58
1026 1048
200 214
854 860
1296 1302
517 520
1302 1304
1340 1341
402 403
903 905
87 102
773 778
1383 1389
526 539
1173 1191
30 32
860 862
15 30
469 480
787 793
189 195
683 690
1428 1429
757 773
912 913
652 679
539 549
118 123
959 963
1286 1296
1058 1063
417 423
640 646
560 561
1165 1166
1375 1376
408 417
1316 1323
1048 1049
329 343
311 313
888 895
868 872
1376 1378
398 402
1088 1095
1012 1015
1130 1134
1095 1106
1053 1058
913 923
81 87
403 408
1193 1206
466 469
1431 1440
716 744
1081 1088
620 623
123 124
322 329
58 79
799 805
279 287
850 854
1334 1335
7 15
28 91
94 101
364 369
753 754
211 218
1052 1053
632 637
1397 1399
1110 1116
391 393
482 483
297 300
1010 1033
240 245
1421 1424
225 230
917 943
959 960
1345 1365
691 694
706 708
1270 1274
1041 1045
396 397
332 333
487 491
646 647
271 272
288 294
708 709
218 220
788 789
1137 1140
36 41
1278 1283
576 579
591 594
1133 1136
1437 1439
1166 1169
255 271
638 640
625 629
485 486
839 842
328 332
357 360
703 704
1322 1331
1320 1322
800 808
449 452
1436 1437
1424 1425
1385 1388
165 167
345 355
709 711
519 523
1203 1205
905 917
1077 1084
333 341
718 726
452 459
397 402
103 116
341 343
698 703
1097 1110
590 591
389 391
758 768
393 396
711 712
144 153
273 274
684 685
1274 1275
817 822
1238 1241
972 976
1036 1041
976 985
621 623
1304 1308
1033 1036
118 120
875 879
495 503
1045 1048
552 556
1169 1182
523 527
1136 1137
774 782
1075 1077
116 117
891 894
360 364
898 902
1071 1075
434 436
564 566
985 988
1344 1345
874 875
402 406
1431 1432
380 388
284 288
120 122
556 559
537 541
847 856
816 817
1331 1343
696 698
355 357
726 739
1 1
0 1
1439 1440
3 57
324 338
32 36
632 644
1014 1033
1172 1187
1251 1286
398 399
1151 1155
134 161
79 121
1012 1014
296 303
45 79
218 241
36 38
824 836
924 929
876 897
473 485
1091 1099
795 824
1196 1198
126 127
697 698
546 549
313 324
619 620
121 126
679 682
449 464
745 753
1435 1440
130 134
161 197
906 924
1135 1151
1362 1384
248 288
1302 1304
338 347
721 726
975 987
963 969
953 956
16 30
347 359
127 130
671 674
992 997
957 963
969 975
734 745
1361 1362
1052 1068
1287 1302
418 420
399 409
753 780
620 632
870 871
97 15
596 601
97 98
940 950
624 635
1146 1147
925 936
238 240
826 834
1429 1440
210 223
1077 1079
416 419
386 387
187 192
888 898
422 424
898 901
424 431
1362 1366
1401 1402
355 356
1111 1113
797 820
1420 1423
1361 1362
1008 1013
130 133
431 453
968 982
951 961
1018 1024
711 720
251 259
192 193
1406 1407
782 787
1107 1111
687 692
533 536
359 361
125 126
644 645
63 64
361 362
1139 1143
325 336
982 1008
1087 1099
7 8
259 262
279 282
194 200
1013 1018
58 60
391 416
1291 1293
55 58
961 968
200 208
208 210
936 940
240 248
720 769
268 271
1423 1425
1270 1273
340 353
106 125
365 374
21 42
126 130
353 355
356 358
1366 1371
164 179
622 624
1024 1033
312 313
60 63
845 857
1033 1038
1425 1429
82 83
484 495
522 529
5 7
901 905
912 914
514 522
1147 1150
507 510
1371 1375
1079 1087
857 858
1326 1327
1293 1306
1186 1210
790 797
8 9
317 320
601 606
656 664
1038 1065
950 951
1382 1389
265 268
1224 1243
419 422
142 164
294 300
64 67
820 821
60 43
1076 1080
446 453
262 277
520 525
576 579
610 611
135 139
1106 1113
525 537
363 371
1008 1018
1138 1139
59 66
1096 1106
518 520
139 143
371 374
840 841
225 235
1036 1041
116 130
3 21
1295 1304
937 941
130 135
27 35
1058 1074
1074 1075
694 713
787 789
430 432
963 966
73 84
713 723
690 693
1026 1036
886 898
813 819
1121 1138
1285 1295
1362 1440
567 576
2 3
1282 1285
1248 1259
84 102
203 225
789 813
500 518
1041 1050
1327 1349
277 279
655 690
21 27
1139 1184
1262 1264
401 403
66 73
841 878
428 430
390 401
622 655
827 840
255 262
979 981
144 155
432 441
966 970
411 428
1264 1266
878 879
879 881
898 913
1184 1196
102 116
1196 1220
485 500
1088 1096
589 610
1225 1244
1245 1248
819 827
767 775
775 787
1349 1362
1119 1121
336 354
537 539
970 979
174 178
235 255
611 622
540 567
723 731
1244 1245
1313 1327
913 937
1075 1076
731 767
579 589
354 363
1259 1262
35 41
34 54
1221 1226
64 74
1390 1391
686 698
1374 1378
1143 1145
1232 1244
257 284
952 953
732 735
800 801
480 487
405 414
1164 1174
370 387
414 416
795 800
771 781
718 730
1226 1232
116 121
174 184
676 680
1400 1403
98 99
254 257
941 951
953 963
802 818
822 824
1071 1093
307 327
564 573
1271 1287
2 6
218 221
1264 1271
214 218
607 609
469 478
1343 1344
468 469
673 674
824 841
1193 1221
466 468
184 189
1122 1123
35 37
973 977
1412 1420
1406 1408
1369 1370
1114 1116
919 937
1408 1412
937 941
487 498
746 752
450 455
1368 1369
1139 1143
22 23
234 235
951 952
11 22
547 552
1042 1047
1334 1336
909 910
736 746
150 167
210 214
1008 1016
992 999
856 868
981 991
703 718
509 517
132 141
546 547
892 901
1395 1400
1145 1154
1123 1127
818 819
356 360
1127 1128
88 59
67 76
514 519
328 330
1071 1095
1330 1335
12 18
862 865
780 789
437 443
926 931
479 486
641 646
564 565
685 687
619 622
1355 1358
498 500
1325 1330
181 185
824 828
857 862
1190 1193
996 1007
657 671
1358 1384
1100 1115
874 886
1319 1321
1042 1053
522 535
899 900
1250 1251
749 768
10 12
9 10
395 403
978 991
622 625
1353 1354
819 822
695 701
795 815
1054 1060
125 143
1390 1395
725 727
56 67
427 437
1340 1345
579 582
1095 1096
701 717
614 619
1210 1212
6 9
597 614
1129 1154
155 158
321 328
217 222
285 289
1193 1209
185 190
205 208
1251 1265
628 633
1026 1034
1345 1353
362 365
1009 1010
901 905
958 975
717 720
222 232
898 899
674 675
671 674
682 685
773 780
651 652
822 824
143 146
537 549
1010 1016
289 312
1154 1155
345 353
1061 1063
1037 1042
1229 1250
158 171
635 636
453 479
55 56
561 564
1035 1037
343 344
1096 1100
794 795
900 901
54 55
330 336
842 857
625 627
371 392
519 522
1265 1319
344 345
336 343
114 125
905 907
1034 1035
994 996
1179 1188
768 773
365 369
369 371
208 214
828 842
1438 1440
259 285
1016 1026
76 110
500 514
646 651
582 585
975 978
815 819
720 725
871 873
1335 1340
636 641
356 362
486 498
1354 1355
633 635
1321 1325
1155 1171
445 453
565 579
655 657
37 50
1053 1054
1188 1190
549 561
153 155
727 728
82 38
1046 1071
703 710
776 779
507 515
195 205
1181 1212
544 567
953 966
60 62
745 749
1212 1224
1438 1440
1071 1087
344 349
271 272
682 688
90 101
567 572
856 874
495 498
498 507
1037 1039
584 601
681 682
1267 1272
223 252
1039 1046
425 440
572 575
10 26
323 336
188 195
118 126
221 223
970 987
1299 1319
258 260
1280 1289
385 392
272 276
888 890
85 90
339 340
1008 1022
770 771
382 385
515 519
575 584
1123 1146
1289 1294
260 271
725 726
949 950
26 53
710 723
59 60
966 970
680 681
1294 1299
1379 1392
1437 1438
208 212
522 528
1332 1336
528 537
763 767
1421 1437
456 487
418 421
216 221
1022 1026
212 216
723 725
601 619
300 307
1362 1376
487 494
1376 1379
164 165
727 733
790 792
749 752
1150 1181
810 811
811 843
846 848
392 418
276 285
1336 1362
1272 1279
1279 1280
351 371
792 807
1026 1028
101 104
104 118
767 770
991 992
72 80
771 776
848 853
673 680
913 949
165 185
1233 1238
205 208
1319 1329
899 913
1399 1412
1224 1233
53 59
314 323
307 314
293 296
440 456
733 745
853 856
1034 1036
779 780
494 495
26 79
170 180
546 551
1021 1029
2 6
459 461
1430 1432
54 55
392 393
667 670
1285 1289
1000 1016
1264 1265
812 815
503 515
909 914
801 807
1338 1355
393 399
1256 1262
671 682
1387 1391
662 667
1208 1218
299 303
685 691
1187 1194
43 54
995 997
1311 1312
1149 1156
1276 1285
133 146
42 43
1245 1253
1226 1229
425 442
727 741
758 760
720 723
372 374
1104 1112
1112 1139
1029 1030
691 713
1262 1264
316 317
93 104
1066 1068
713 715
670 671
479 480
944 947
809 812
1165 1168
618 623
281 288
1316 1321
1437 1440
249 255
784 791
31 34
764 769
446 449
1168 1176
124 125
975 981
993 995
578 591
150 153
903 905
860 873
756 757
153 158
331 336
936 942
757 758
556 565
225 238
922 934
1355 1356
1064 1066
596 606
1265 1275
1176 1180
682 685
288 289
1356 1360
420 424
1360 1366
640 662
461 464
1101 1104
885 894
1204 1208
1080 1082
1289 1296
34 39
895 903
1312 1316
327 329
551 556
336 361
741 754
329 331
595 596
50 50
614 632
745 750
814 817
1227 1232
604 614
390 393
1039 1055
852 853
1005 1018
673 689
1083 1084
716 720
1084 1086
750 757
363 376
1118 1134
1352 1371
1154 1156
559 572
936 943
1426 1431
1327 1336
1025 1030
447 471
977 984
1387 1400
118 136
216 234
707 708
106 117
694 707
766 800
1431 1440
1034 1039
1055 1061
1232 1237
324 325
25 36
730 737
483 491
200 216
376 382
184 198
832 833
471 482
382 384
1336 1352
661 662
1250 1256
1403 1421
601 604
708 716
1259 1264
1191 1209
1030 1033
1187 1191
482 483
1279 1288
1278 1279
1018 1025
757 764
1209 1227
976 977
1140 1141
896 908
800 814
393 399
1371 1387
198 200
1237 1250
865 877
519 538
764 766
998 1005
833 838
148 166
325 334
639 661
86 95
496 509
946 951
399 442
166 167
36 48
909 921
1401 1403
1102 1112
302 312
672 673
384 390
738 745
167 184
1141 1154
136 148
312 324
48 49
234 247
737 738
554 559
538 554
91 36
132 140
603 612
1053 1071
952 967
496 506
919 938
660 663
1187 1191
1214 1218
357 359
713 726
94 104
1392 1394
1104 1105
533 555
843 848
663 678
1072 1073
205 210
394 401
1171 1176
831 832
562 568
1031 1037
249 254
131 132
198 202
87 92
613 617
910 915
384 385
49 66
967 973
254 256
1237 1239
1218 1219
778 787
804 812
1073 1089
1168 1171
711 713
1390 1392
585 598
1234 1235
215 246
1211 1213
168 180
1371 1374
333 342
1213 1214
247 249
92 94
1402 1439
148 154
144 147
447 452
881 902
276 278
213 215
319 321
568 570
1022 1029
625 650
66 87
726 754
1385 1390
1394 1402
617 618
43 49
1166 1168
570 578
1017 1022
154 162
1115 1132
918 919
435 439
992 993
439 446
1368 1371
938 946
485 492
1219 1229
598 599
1266 1274
342 348
973 974
948 952
365 384
1093 1104
385 394
812 818
1257 1259
915 916
278 319
24 25
701 711
1339 1349
426 428
348 357
1277 1288
699 701
475 483
34 43
612 613
601 603
187 195
246 247
1105 1114
1276 1277
878 879
274 276
1016 1017
1239 1255
195 197
832 841
25 34
1274 1276
697 699
1349 1364
104 124
420 426
819 825
866 867
1114 1115
1328 1339
1235 1237
506 533
84 63
584 586
396 397
704 708
508 509
134 146
967 968
321 328
882 883
348 349
888 891
296 304
972 973
1282 1286
697 698
1273 1282
230 231
64 66
1298 1299
147 156
968 969
459 471
1033 1037
963 967
317 320
71 75
1296 1297
384 386
166 168
806 809
586 587
1173 1195
258 262
1241 1247
1118 1121
1086 1091
349 350
1247 1249
397 399
1367 1374
1074 1075
1318 1320
221 224
896 900
90 95
648 659
730 744
1294 1296
1229 1230
962 963
594 600
238 239
115 119
564 573
311 317
169 170
659 663
1075 1078
489 490
1082 1086
801 804
744 745
15 19
549 559
220 221
239 243
985 993
1403 1405
423 426
1438 1440
845 846
82 84
846 850
1028 1031
960 961
676 680
664 671
692 696
231 235
827 829
615 620
824 826
850 851
438 444
262 263
387 396
1225 1226
1327 1337
902 908
1010 1023
1320 1327
1405 1412
748 753
477 479
1228 1229
1398 1400
48 59
63 64
456 459
772 785
1094 1102
66 69
951 952
860 861
826 827
785 788
1366 1367
1306 1313
345 348
161 166
982 984
745 746
961 962
386 387
829 844
146 147
61 63
1313 1315
853 855
885 888
518 530
791 798
1392 1396
620 629
275 278
1106 1107
120 125
1263 1264
980 982
587 589
922 927
1114 1118
630 635
367 369
291 295
114 115
432 438
874 877
374 379
999 1010
370 374
1264 1271
243 253
893 896
283 291
636 640
908 914
1171 1173
13 91
1270 1309
1004 1009
831 844
1193 1196
788 801
584 588
1222 1223
541 554
980 983
1309 1314
667 668
176 187
373 414
570 584
39 44
1146 1150
1125 1136
1263 1265
887 896
1124 1125
1380 1381
911 914
1064 1074
728 733
1413 1425
444 447
337 341
976 980
32 39
219 221
210 219
1265 1267
739 740
83 84
12 14
659 667
715 719
1243 1244
297 303
277 278
1028 1029
465 468
801 814
295 297
468 484
1365 1368
618 626
127 128
414 415
1141 1146
270 277
15 17
1136 1137
341 342
776 788
416 422
1179 1181
1212 1214
438 440
306 309
313 325
935 938
464 465
1018 1028
1184 1185
556 570
829 831
280 282
66 69
69 83
436 438
1196 1199
590 601
1199 1205
611 614
170 176
1268 1269
357 358
1346 1349
282 295
14 15
309 313
449 456
278 280
1381 1397
1074 1082
415 416
84 85
458 460
1399 1401
111 117
1247 1257
1401 1403
1107 1113
1323 1346
448 449
963 964
303 306
1349 1352
588 590
1046 1060
865 872
243 256
601 611
81 65
1028 1043
1211 1213
443 459
1226 1228
794 800
1328 1330
277 284
164 166
1395 1410
1247 1250
630 631
1070 1073
946 947
606 607
997 1001
939 942
1219 1220
1018 1026
416 418
568 579
180 190
724 733
1346 1347
80 85
919 923
1279 1281
1250 1252
923 937
1152 1159
631 633
1264 1270
792 794
18 23
1164 1166
1424 1425
505 509
77 80
150 156
162 164
1283 1288
1425 1432
215 218
166 169
979 987
256 258
964 966
41 46
1188 1190
315 324
248 256
1043 1044
258 268
890 891
11 14
1 4
299 300
1379 1391
789 792
341 348
1296 1299
1320 1328
62 64
4 7
86 88
381 383
209 210
752 758
1198 1201
1334 1338
25 27
482 484
1315 1318
61 62
224 244
112 114
1201 1202
1143 1144
579 585
1001 1002
268 271
1318 1320
400 407
891 903
244 245
816 823
1069 1070
759 764
996 997
459 461
1174 1179
136 140
833 845
1049 1050
1288 1296
108 112
1299 1304
172 175
974 975
1010 1018
1073 1076
290 299
271 277
32 35
24 25
1008 1010
621 630
1166 1171
64 65
338 339
1171 1174
427 441
1044 1047
588 595
702 716
633 634
471 474
824 827
1281 1283
159 161
1202 1208
40 41
409 416
636 640
534 545
407 409
65 72
495 496
1239 1240
680 684
1229 1236
1366 1379
197 208
942 945
1179 1182
1059 1061
1417 1424
607 608
1133 1135
480 482
1076 1081
947 958
1314 1315
284 288
903 908
441 443
1112 1113
0 2
11 361
1080 1440
80 69
569 582
119 120
1433 1438
976 983
930 931
228 234
1327 1328
258 262
139 145
663 665
1207 1209
883 884
999 1004
429 437
262 266
1166 1173
1193 1195
1155 1157
97 98
459 465
674 685
915 919
290 291
502 504
1413 1417
60 65
697 698
291 293
921 927
505 506
533 539
559 565
546 550
1173 1174
695 697
1058 1060
1086 1093
667 672
582 589
49 52
644 645
1412 1413
758 768
471 473
116 118
266 267
566 569
1343 1346
480 482
1297 1309
659 660
1209 1217
1388 1401
165 168
806 807
7 8
960 963
410 416
774 777
324 330
100 102
346 358
194 208
504 505
931 940
82 84
1278 1287
115 116
768 769
8 9
77 82
473 480
808 814
437 448
1427 1430
458 459
645 646
34 36
967 976
1430 1432
1275 1278
807 808
539 542
401 409
390 393
860 862
95 97
1217 1218
1178 1179
688 692
496 501
409 410
872 875
482 496
298 300
656 659
295 298
1016 1021
1366 1375
589 591
176 194
792 793
1174 1177
155 161
1036 1038
148 153
609 611
519 527
660 662
703 704
1070 1079
269 272
1355 1359
514 517
604 609
1061 1068
421 422
1241 1243
867 869
1219 1223
1313 1314
752 756
662 663
1294 1295
1186 1188
619 623
545 546
1053 1058
1252 1272
425 429
591 600
133 134
905 906
52 59
84 92
1154 1155
135 139
615 619
796 799
890 900
799 806
422 424
1352 1355
1328 1331
646 655
377 378
907 915
376 377
389 390
100 100
882 884
1002 1003
1091 1103
1079 1084
374 377
1237 1243
133 146
1355 1356
568 570
827 831
280 282
437 440
1413 1431
744 746
1314 1320
457 460
189 195
573 580
900 902
1268 1272
169 172
239 241
1074 1079
1363 1365
394 395
1349 1354
455 457
428 430
27 30
383 387
1143 1147
710 716
492 495
109 110
526 528
324 327
1171 1177
1169 1171
213 220
1182 1184
315 324
692 693
177 182
693 702
585 589
1310 1313
430 432
1161 1163
786 802
1320 1321
837 856
1135 1138
267 278
346 355
536 541
150 161
196 197
291 302
1225 1228
1138 1140
1313 1314
1105 1108
607 610
650 679
1410 1413
1294 1296
201 213
1212 1217
1296 1298
1387 1389
948 949
1108 1110
896 900
1147 1153
679 686
355 357
195 196
802 804
885 892
73 84
599 607
495 507
997 1002
1263 1268
461 466
1005 1016
950 951
916 922
327 328
197 201
362 374
88 93
737 740
892 896
1114 1119
782 786
1378 1387
1339 1348
1103 1105
164 169
1177 1178
528 529
102 105
230 239
1016 1023
571 573
460 461
97 102
330 336
721 729
913 916
1228 1230
702 710
1431 1436
241 247
541 558
884 885
419 421
183 189
387 393
337 346
1159 1161
328 330
880 882
596 597
1365 1375
182 183
53 56
1051 1074
1163 1169
107 109
594 595
758 762
1354 1355
1273 1283
443 450
454 455
1348 1349
624 625
1321 1325
1085 1091
691 692
1207 1212
1438 1440
638 639
746 752
336 337
580 585
570 571
962 970
741 744
639 641
774 780
752 758
1003 1005
1272 1273
1197 1207
974 984
922 929
597 599
716 717
1288 1294
1218 1222
1393 1395
1283 1287
1110 1112
1405 1410
30 33
1243 1249
717 721
113 120
1133 1135
106 107
951 952
1042 1047
84 88
1047 1048
1302 1303
1391 1393
278 280
56 57
466 469
1024 1029
641 644
1112 1114
311 315
815 817
1404 1405
1217 1218
255 267
1153 1159
469 470
564 567
1140 1143
949 950
172 173
686 691
529 533
984 997
740 741
86 11
1144 1155
93 96
1040 1047
659 679
1405 1406
707 709
1178 1179
566 568
1015 1025
1065 1068
1314 1317
17 23
626 637
320 324
838 840
1025 1027
221 222
1027 1037
722 723
1071 1072
1068 1071
741 746
513 521
568 579
913 914
637 638
521 526
842 843
124 129
843 844
143 150
1371 1374
278 291
978 982
299 303
119 124
894 896
1296 1299
490 496
1401 1405
318 319
51 52
616 620
129 135
304 311
1157 1168
1188 1200
176 179
357 358
150 151
1335 1342
1092 1093
92 93
721 722
888 894
339 350
638 639
1202 1209
556 559
311 315
379 394
1083 1087
544 552
296 299
396 475
496 509
96 119
699 700
908 911
620 626
1047 1064
926 929
746 747
203 206
475 485
1374 1385
1087 1092
929 932
72 92
485 490
23 31
1072 1080
1268 1270
579 588
914 926
601 603
6 17
179 184
1317 1318
1263 1268
315 317
555 556
814 826
355 357
700 706
1342 1343
559 566
2 0
1080 1430
11 361
81 82
373 376
616 635
1081 1090
1354 1363
784 785
390 391
414 421
792 794
745 758
1047 1053
319 325
52 64
926 967
114 121
758 765
1236 1250
230 232
1118 1119
1363 1370
1371 1379
139 144
1432 1440
304 315
1131 1140
711 712
1021 1024
874 877
9 17
712 716
200 201
530 531
277 286
325 335
1163 1170
890 892
64 75
1306 1323
286 290
158 160
1036 1037
1024 1029
201 213
1336 1342
303 304
361 373
505 507
672 674
1055 1064
744 745
1053 1055
650 658
635 640
128 132
1099 1100
1037 1038
290 291
1214 1216
716 724
1329 1336
1012 1013
1029 1030
662 669
1294 1302
883 890
970 979
689 698
593 612
855 856
315 319
641 645
591 593
395 397
902 904
870 874
1103 1108
389 390
507 517
335 347
877 883
1226 1229
1195 1196
808 810
1 4
1150 1151
219 227
980 986
228 230
531 533
1379 1382
986 1007
349 353
859 868
238 240
132 139
4 9
376 380
1252 1257
577 587
1198 1205
406 408
1119 1122
425 438
724 730
1013 1015
1122 1123
706 708
17 23
144 158
520 523
475 498
669 672
1235 1236
121 128
267 277
1280 1282
615 616
441 455
852 855
1159 1160
27 31
1370 1371
468 475
822 826
826 829
75 94
703 706
708 711
645 648
105 112
612 614
921 926
730 744
765 775
240 246
1111 1118
455 466
799 808
237 238
698 699
160 163
1140 1150
517 520
1123 1131
1425 1426
856 859
355 361
904 916
587 591
163 166
498 505
1302 1303
408 414
969 970
1385 1391
979 980
232 237
1090 1099
1065 1081
213 219
1342 1354
113 114
785 792
1010 1012
2 0
0 360
1080 1430
61 22
1231 1235
1235 1238
272 281
294 299
1144 1146
1246 1255
271 272
493 507
240 248
1007 1015
1384 1401
142 149
325 329
694 698
149 154
288 294
1378 1384
140 142
2 10
581 590
86 93
949 958
19 26
1324 1331
1306 1307
339 343
655 658
130 140
1058 1063
891 892
911 913
18 19
618 621
343 344
1217 1231
540 541
1307 1322
968 986
323 325
384 412
913 914
412 415
1238 1246
735 747
523 534
628 649
507 523
1126 1140
45 86
812 815
609 613
967 968
1162 1165
616 618
1273 1288
269 271
1140 1144
1015 1033
958 964
751 756
879 881
915 930
1122 1126
362 367
930 935
1043 1050
815 817
262 269
1105 1108
747 748
1264 1270
556 558
547 553
1033 1038
1288 1296
379 384
1165 1172
603 609
1418 1440
104 111
1260 1264
281 288
348 350
1 100
1085 1094
672 673
1227 1228
188 197
108 112
721 723
175 180
1022 1027
746 755
201 202
317 320
833 834
52 53
89 92
1312 1316
172 174
1333 1335
1157 1162
412 413
1390 1404
1348 1351
1005 1013
846 851
773 777
770 771
284 287
557 563
1410 1414
335 338
256 260
426 429
1110 1118
1163 1177
1322 1327
934 946
825 827
1118 1123
185 188
520 550
599 602
1108 1109
1309 1312
950 951
1353 1365
422 426
673 680
575 578
655 656
1226 1227
489 492
741 746
841 843
1034 1042
553 557
563 565
1292 1296
494 498
360 363
1027 1032
366 371
168 169
830 832
712 721
396 398
994 1004
617 619
771 773
903 905
460 461
517 520
827 830
62 66
1351 1353
50 52
1373 1376
481 485
797 800
736 741
116 119
24 31
170 172
246 255
795 797
466 470
1032 1034
680 681
393 396
1427 1434
92 104
338 339
1004 1005
148 150
174 175
128 131
104 108
486 489
120 121
1378 1383
492 494
341 346
1372 1373
100 100
906 910
839 855
379 380
1027 1029
741 747
808 809
174 181
1162 1163
162 174
195 196
916 918
910 914
299 303
1163 1174
1328 1334
107 111
661 662
200 210
718 731
1241 1243
650 656
181 182
809 810
310 315
1197 1210
98 107
1190 1191
386 404
1405 1408
39 42
42 67
2 6
378 379
1376 1377
1029 1033
636 648
709 712
1418 1421
868 877
527 528
666 668
790 808
712 714
588 597
502 509
1421 1434
1091 1095
144 149
560 563
714 715
182 195
1307 1316
731 734
1391 1397
1080 1085
855 862
1061 1064
914 916
1223 1237
372 378
1157 1160
1245 1261
1160 1162
1408 1409
1237 1239
413 415
1012 1023
326 327
664 666
788 790
243 258
1397 1405
258 280
760 762
1002 1012
1243 1245
1316 1327
768 769
836 839
327 333
1360 1362
1180 1189
877 880
211 215
1151 1154
999 1002
210 211
600 606
361 372
528 535
303 310
580 584
608 611
415 416
493 498
1155 1157
292 294
215 219
900 906
316 326
1089 1091
1109 1116
406 410
426 445
1145 1148
1105 1109
692 693
357 361
918 925
1261 1295
1119 1121
1056 1061
1327 1328
353 354
380 386
606 608
488 493
404 406
862 868
1095 1099
1033 1036
26 27
6 15
886 900
1130 1145
219 222
125 129
1148 1149
499 502
584 587
820 828
967 970
973 993
828 836
701 709
938 950
1370 1376
1409 1412
132 140
1239 1241
354 357
1036 1044
597 600
1412 1416
294 299
453 458
458 459
1121 1130
611 620
1085 1089
1217 1223
1023 1027
925 938
565 568
656 661
1099 1105
519 527
1149 1151
512 519
1189 1190
693 701
416 426
880 886
1369 1370
196 200
1210 1213
1334 1346
285 287
587 588
970 973
662 664
747 750
1191 1197
74 98
1379 1391
335 344
563 565
479 483
333 335
229 238
685 689
716 718
750 760
675 685
120 125
15 16
27 38
445 453
222 229
344 353
16 26
769 770
287 292
1213 1217
149 158
950 967
1174 1180
459 479
812 820
770 788
44 71
1365 1377
539 554
164 173
1399 1407
312 323
309 312
906 934
1150 1156
93 96
1349 1350
326 334
73 85
1327 1337
677 690
1243 1254
457 458
1036 1053
534 539
818 839
2 9
1156 1168
433 437
279 282
667 668
614 615
121 138
813 814
107 111
637 639
1439 1440
287 289
528 529
1274 1299
1417 1418
897 906
594 596
1012 1024
1382 1384
193 204
668 672
465 468
1186 1190
863 872
17 36
441 449
41 46
763 774
449 456
840 841
958 959
590 594
859 863
959 966
285 287
289 309
1395 1396
213 228
1053 1054
1060 1062
1054 1058
468 473
270 271
774 782
696 703
96 107
204 210
1175 1178
282 285
554 566
839 840
811 813
1168 1175
1377 1382
499 505
1074 1080
1396 1399
1254 1274
615 618
814 818
639 667
566 572
1096 1108
323 326
395 433
797 799
1006 1007
111 114
1091 1096
1142 1144
140 148
255 258
182 193
1108 1111
46 53
580 590
672 674
717 724
843 859
1144 1149
1356 1365
1387 1395
9 17
1352 1356
1149 1150
749 751
605 610
1007 1012
36 41
1299 1307
85 93
1418 1439
610 614
986 995
619 637
1178 1186
89 54
659 660
611 616
413 418
1220 1227
798 802
1116 1117
487 492
20 24
1184 1188
629 633
756 765
1188 1190
786 788
146 155
68 69
232 233
1392 1395
1194 1200
409 412
1437 1439
708 709
993 1000
1407 1410
828 835
544 551
253 263
1269 1271
1057 1059
239 247
726 728
1404 1406
1146 1152
222 225
219 222
765 768
509 519
1274 1275
1372 1379
897 902
300 301
875 876
1152 1159
492 496
418 422
407 409
820 822
1065 1069
1125 1126
11 13
1346 1353
54 55
676 681
294 300
1139 1141
381 383
131 132
1173 1182
870 875
447 450
836 837
702 704
1314 1316
982 983
1417 1419
537 539
1227 1232
737 754
321 327
857 867
716 719
478 483
983 993
1094 1095
848 857
457 458
422 423
1389 1390
808 820
671 675
1122 1123
1190 1194
247 249
1327 1331
709 715
1117 1122
470 478
719 724
209 213
1288 1290
263 266
498 509
1433 1436
608 611
387 388
1424 1428
171 179
1395 1401
736 737
72 78
616 620
466 467
1386 1387
700 702
35 36
25 29
29 35
954 955
1246 1257
652 656
522 529
1353 1361
1419 1424
458 466
1006 1015
1095 1097
120 122
45 46
59 68
839 845
1380 1381
531 537
46 50
1279 1288
343 344
278 281
1206 1211
1320 1325
496 498
104 106
50 53
456 457
558 567
335 336
780 784
1204 1206
307 309
388 389
132 133
1338 1339
837 839
145 146
249 253
681 690
12 40
987 1006
378 387
539 540
1407 1428
537 539
146 152
354 360
333 353
53 54
163 172
1264 1291
301 311
694 702
788 795
428 432
1070 1076
545 548
360 378
1229 1236
548 578
54 64
118 124
635 653
1121 1147
1428 1440
191 200
1215 1229
1059 1070
892 893
1256 1259
284 299
578 586
1316 1326
1310 1314
1259 1262
897 967
1390 1397
112 118
69 106
263 266
540 545
1291 1295
778 788
106 112
833 836
353 354
869 876
979 987
1042 1047
124 128
758 761
1236 1244
2 0
1439 1440
0 1
38 6
876 880
772 776
198 201
1393 1394
1327 1328
1188 1189
1242 1254
336 337
1035 1041
1180 1181
279 283
1194 1197
802 805
1416 1420
305 307
404 416
81 100
583 584
1282 1290
75 81
1165 1176
1053 1054
1125 1135
1176 1177
1254 1255
990 1003
915 919
320 322
322 332
11 12
938 960
1229 1242
223 236
135 149
641 643
535 543
881 890
201 202
20 21
619 626
643 645
805 810
977 982
354 355
2 0
10 360
1080 1430
48 65
142 143
529 533
864 870
200 208
563 567
714 715
386 388
533 535
187 191
285 299
780 796
92 98
1073 1083
423 425
419 421
1060 1067
1094 1098
928 935
860 861
586 587
567 571
1009 1017
1176 1210
672 673
272 278
117 118
861 864
1137 1143
35 40
507 512
417 419
596 608
1220 1229
608 640
154 155
27 33
132 136
689 691
902 907
1243 1245
979 980
233 235
155 162
922 928
999 1005
1437 1440
870 886
1370 1373
561 563
196 200
1157 1163
486 491
824 827
699 701
732 734
753 766
1055 1057
459 462
796 803
1114 1118
1417 1423
9 10
1436 1437
235 239
518 529
515 518
7 9
74 76
143 154
16 27
845 846
421 423
278 285
67 70
1336 1370
388 396
1036 1037
1175 1176
742 747
994 998
725 732
667 668
1057 1058
1263 1284
171 172
851 856
1143 1157
585 586
591 594
641 652
1033 1036
1124 1130
334 340
1067 1073
1029 1033
1373 1385
940 958
1400 1417
827 830
85 92
1130 1136
469 486
512 513
935 940
118 124
1008 1009
351 362
652 667
1245 1246
1017 1029
98 101
539 548
856 860
74 81
589 592
440 442
365 366
903 912
579 581
1328 1329
518 538
232 237
1037 1050
1263 1266
1399 1402
1129 1130
1336 1340
378 381
936 937
628 629
824 841
513 518
811 812
1199 1202
679 681
403 405
177 178
962 972
1234 1253
56 58
133 135
279 285
789 795
415 431
512 513
375 376
650 655
342 350
1128 1129
119 123
1024 1035
779 783
1283 1285
1115 1124
313 318
136 144
717 725
439 440
1285 1286
442 443
795 804
812 817
178 180
725 745
385 386
225 229
350 360
1082 1092
490 491
360 365
681 683
1092 1099
1188 1197
1108 1113
10 11
1348 1356
48 56
1055 1067
386 390
846 849
549 554
496 512
45 48
276 278
1202 1210
1198 1199
28 34
1356 1371
366 373
1259 1263
11 15
849 857
745 755
808 809
1402 1408
187 195
640 644
983 984
755 770
787 789
1113 1115
381 385
1429 1438
956 957
71 76
1312 1315
1015 1024
1035 1037
896 900
68 71
76 83
989 992
708 715
892 896
864 873
1277 1283
1315 1323
566 570
271 276
318 326
99 119
123 126
296 309
1286 1293
15 21
43 45
483 486
390 397
1266 1277
214 220
1181 1188
688 700
1331 1336
3 10
1387 1399
1424 1429
1072 1075
34 36
957 962
676 679
126 133
843 846
858 864
1411 1417
397 403
245 248
1385 1386
554 563
703 708
715 717
563 566
431 439
36 43
841 843
469 476
655 665
231 232
1323 1324
1379 1381
209 212
878 892
822 824
1329 1331
476 478
592 598
937 942
83 93
607 610
543 549
0 2
179 539
540 900
18 37
864 872
1226 1246
488 501
561 565
574 579
1002 1008
1413 1440
453 454
1290 1293
1365 1385
327 330
372 386
1096 1098
408 409
1341 1346
1385 1401
791 797
914 920
218 220
725 728
627 647
1248 1251
454 456
331 372
132 138
386 387
217 218
1203 1218
715 725
1150 1151
289 302
622 624
990 992
579 581
1064 1066
233 236
833 848
1156 1167
545 561
524 527
811 829
273 275
330 331
1139 1145
422 436
1117 1120
1407 1410
679 708
91 93
588 591
527 544
482 487
1261 1266
992 1000
581 584
95 37
1379 1399
1434 1438
757 772
772 773
888 889
1325 1329
979 982
1291 1293
360 362
166 171
155 156
365 366
350 352
435 438
343 345
780 784
1206 1210
985 991
587 611
880 881
13 17
754 757
1341 1345
255 260
541 542
712 721
444 445
1360 1361
1088 1090
791 797
138 140
111 114
146 150
728 736
1377 1379
1438 1440
318 331
1096 1101
479 484
384 387
375 376
1057 1063
478 479
991 995
924 927
278 284
1233 1236
565 575
1218 1232
967 973
100 105
487 488
1236 1243
692 694
861 866
556 558
1043 1050
611 616
1001 1002
1361 1372
374 375
331 332
1210 1218
1275 1277
509 510
1002 1005
1104 1109
1112 1113
150 155
1005 1023
965 967
178 204
1406 1414
46 79
995 1001
32 37
876 878
1031 1035
401 403
1145 1147
949 951
352 356
892 894
1345 1354
407 410
1109 1112
619 624
555 556
973 978
211 213
114 130
219 225
376 384
209 210
726 728
1063 1069
773 780
369 371
1243 1244
837 847
961 965
627 628
1176 1187
1101 1103
366 369
87 90
1308 1309
951 961
694 695
533 535
884 886
426 428
546 547
457 458
171 178
1120 1130
1114 1120
945 947
410 415
311 313
1113 1114
1405 1406
313 318
898 924
522 523
936 940
37 46
1 8
298 301
1329 1337
891 892
251 255
100 100
504 511
720 727
748 756
993 1000
691 698
1411 1418
115 122
1267 1274
475 482
360 367
288 295
604 612
1296 1303
1036 1044
763 770
864 871
1108 1116
1209 1216
28 36
1080 1087
792 799
1310 1317
489 496
633 640
144 151
1396 1404
979 986
1123 1130
331 338
777 784
446 453
849 856
57 64
1238 1245
518 525
158 165
590 597
172 180
1152 1159
705 712
936 943
259 266
432 439
676 684
1324 1332
820 828
1094 1101
619 626
14 21
1008 1015
1281 1288
648 655
1339 1346
576 583
1368 1375
1224 1231
547 554
273 280
921 928
1022 1029
892 900
43 50
403 410
1137 1144
1252 1260
302 309
388 396
1353 1360
734 741
662 669
806 813
1382 1389
1051 1058
835 842
1195 1202
0 7
878 885
187 194
1065 1072
561 568
230 237
374 381
129 136
316 324
216 223
100 108
72 79
907 914
532 540
1180 1188
964 972
201 208
1166 1173
345 352
950 957
460 468
244 252
1425 1432
86 93
417 424
525 532
727 734
151 158
424 432
1015 1022
871 878
1375 1382
640 648
496 504
1058 1065
352 360
1418 1425
626 633
1072 1080
1346 1353
684 691
1332 1339
122 129
1404 1411
986 993
1144 1152
1173 1180
439 446
165 172
669 676
324 331
295 302
1274 1281
194 201
237 244
1216 1224
136 144
309 316
1260 1267
1029 1036
1130 1137
1245 1252
1116 1123
180 187
79 86
1360 1368
223 230
367 374
554 561
280 288
1159 1166
943 950
813 820
482 489
597 604
93 100
655 662
64 72
828 835
756 763
1389 1396
1101 1108
1044 1051
1000 1008
266 273
381 388
770 777
540 547
252 259
1188 1195
972 979
1087 1094
583 590
1317 1324
799 806
1432 1440
698 705
208 216
957 964
856 864
1303 1310
712 720
842 849
338 345
568 576
1202 1209
21 28
885 892
108 115
36 43
900 907
612 619
468 475
7 14
396 403
1231 1238
410 417
741 748
453 460
1288 1296
50 57
511 518
928 936
914 921
784 792
10 100
1111 1117
190 192
236 245
1094 1097
100 102
245 250
1084 1093
953 956
1039 1050
279 293
809 820
308 311
192 202
960 965
1064 1067
322 335
904 905
1058 1060
1005 1013
1324 1327
610 619
1230 1237
1 12
469 472
576 577
877 880
112 117
965 966
12 15
182 184
1345 1347
427 431
88 91
1420 1421
208 209
911 912
168 169
697 702
209 213
421 427
1285 1286
516 517
929 933
119 121
933 936
478 489
55 58
340 357
1079 1084
642 647
313 322
577 588
1135 1141
837 842
1374 1375
659 662
635 636
966 970
588 589
609 610
764 768
1356 1357
86 88
357 360
1001 1005
515 516
293 295
568 569
1286 1298
1130 1134
1331 1337
1060 1064
1341 1345
213 215
459 469
550 557
993 998
1190 1192
1369 1371
1404 1407
1255 1257
295 302
546 548
472 476
455 456
1069 1074
684 685
758 764
1276 1285
250 254
910 911
1154 1158
672 676
1143 1154
784 788
117 119
1260 1263
565 568
1237 1252
127 132
708 711
909 910
303 305
217 219
866 870
15 29
169 176
855 861
863 866
1327 1330
42 88
1069 1073
674 679
768 780
345 346
644 658
1288 1291
140 142
79 80
1114 1167
22 29
132 140
1239 1250
230 237
845 850
948 958
932 945
786 789
754 756
422 423
47 58
508 511
554 566
294 298
38 45
524 531
1417 1430
204 222
1297 1299
445 454
376 386
979 995
1175 1178
1311 1317
9 13
1238 1239
80 88
747 750
120 123
1409 1411
490 495
945 946
968 972
88 95
536 551
444 445
610 613
911 914
531 534
390 391
1030 1040
518 524
357 359
793 798
1332 1340
871 890
391 409
588 601
801 806
1075 1084
808 814
1167 1175
626 627
498 508
1041 1056
551 554
497 498
566 572
1195 1198
681 685
1375 1377
60 67
1356 1358
472 478
899 911
67 79
1299 1306
1265 1288
897 899
1358 1365
828 832
958 968
814 817
416 422
1319 1332
1202 1204
535 536
996 1017
806 808
347 353
679 681
180 182
1227 1238
362 367
750 754
428 436
1373 1375
1019 1030
946 947
267 279
1084 1095
337 345
1064 1065
29 32
197 201
222 230
142 146
367 371
279 281
1349 1356
627 632
869 870
1199 1201
359 361
298 337
995 996
361 362
32 38
601 602
817 828
658 660
1294 1297
1040 1041
107 119
1212 1227
18 22
1430 1440
1204 1206
1416 1417
1065 1068
1411 1416
6 45
877 903
1188 1194
1142 1156
696 726
530 533
1125 1134
1089 1094
521 522
657 660
757 769
1308 1315
1391 1404
192 223
533 564
223 238
279 287
471 490
1194 1195
850 877
660 662
680 696
648 657
1094 1103
361 395
1215 1218
1156 1187
121 125
1053 1089
1195 1200
525 530
395 399
662 680
1256 1276
1134 1142
7 11
623 635
1103 1125
769 796
615 623
75 95
287 318
1276 1308
39 75
818 850
1243 1249
1404 1440
1388 1391
1218 1243
118 121
125 141
749 757
32 41
1279 1283
1324 1347
603 611
531 532
259 264
80 82
702 705
1276 1279
351 366
169 188
921 925
264 272
366 383
1094 1114
390 395
383 386
1355 1359
272 278
611 618
903 921
1118 1125
1381 1393
781 789
251 259
216 222
344 345
416 428
697 701
17 21
773 781
188 189
566 572
1191 1192
278 283
960 961
199 200
711 739
200 212
1410 1419
1406 1407
195 199
506 510
835 840
443 455
1129 1141
54 70
739 751
830 835
1268 1269
852 883
1064 1071
587 590
532 544
94 100
1269 1276
289 303
463 477
840 852
212 216
544 546
140 164
1393 1406
1125 1129
1144 1172
676 693
1419 1440
25 35
1347 1350
751 761
485 506
761 771
1114 1118
1141 1144
9 17
700 715
589 592
331 334
1417 1420
293 304
327 331
826 838
256 277
99 100
1381 1383
1439 1440
430 440
58 67
1099 1101
232 246
402 403
1042 1043
1168 1170
888 889
838 848
340 344
109 112
880 881
82 99
383 399
338 340
90 48
512 523
1401 1406
802 806
1293 1297
391 396
112 119
1282 1289
956 969
671 673
1102 1105
308 309
119 122
1344 1348
149 156
594 601
1348 1350
661 662
746 756
172 173
673 679
457 458
992 996
1187 1192
477 479
1047 1048
632 633
762 776
510 512
189 191
756 762
1005 1006
601 606
1372 1385
491 498
27 29
626 627
847 856
1136 1144
90 94
696 700
592 594
498 505
579 581
191 194
692 696
1237 1244
1214 1218
314 321
923 924
402 411
1422 1432
241 246
1090 1093
1297 1306
560 562
375 376
1317 1318
1159 1162
721 725
366 375
991 992
1024 1026
434 435
1162 1164
7 19
430 433
24 27
260 265
907 909
453 454
737 742
1244 1247
809 817
896 900
1262 1264
356 359
160 162
606 614
1121 1125
778 779
572 579
720 721
525 529
359 362
171 172
465 468
355 356
110 112
842 846
687 691
505 507
1328 1338
823 837
931 932
1219 1221
996 999
276 298
132 135
321 323
63 72
363 366
1135 1136
460 462
684 687
1040 1041
1166 1173
662 664
52 58
919 920
861 863
614 615
524 525
1264 1271
103 110
1048 1049
1251 1257
195 201
679 681
1067 1088
1055 1060
838 842
1395 1399
1042 1044
173 175
691 692
130 132
1205 1207
799 802
258 260
479 481
162 166
1221 1223
629 632
95 99
1223 1232
450 453
531 532
655 661
37 96
820 825
476 484
80 92
1016 1019
44 46
1039 1041
1099 1115
11 13
240 262
13 15
1354 1367
196 202
37 40
997 1007
575 581
977 980
1097 1098
956 977
904 913
345 357
913 921
501 507
488 490
853 857
645 661
1095 1097
547 552
687 706
765 770
673 685
1327 1328
629 630
750 760
357 359
104 106
744 750
1082 1084
1288 1303
1306 1309
636 645
204 206
409 411
984 988
829 834
770 783
738 740
1067 1072
857 862
106 108
801 810
302 325
1339 1346
46 51
436 438
359 403
1092 1095
297 298
1253 1254
51 56
864 872
760 764
947 950
605 610
988 991
1224 1225
1353 1354
1274 1279
873 895
135 140
1258 1259
847 849
1422 1424
1367 1377
206 210
1346 1353
298 302
210 224
403 409
1210 1223
706 713
813 816
263 279
536 538
1176 1177
898 904
484 488
1269 1274
440 441
921 931
1019 1030
1041 1046
1320 1327
1387 1390
1227 1235
1259 1265
1015 1016
1394 1398
816 818
810 813
490 492
26 28
895 898
1030 1034
115 126
1084 1092
991 997
610 626
1122 1123
1159 1167
40 44
290 297
1118 1122
186 188
825 829
563 568
717 730
849 853
1225 1227
1406 1422
234 240
9 11
982 984
8 9
1377 1387
427 430
184 186
1188 1199
557 563
1328 1339
764 765
538 547
783 787
818 820
51 45
367 369
193 196
32 39
641 642
320 331
68 69
642 645
1109 1110
645 646
562 569
1326 1327
611 612
176 177
122 123
1111 1115
989 994
117 119
1033 1041
1021 1024
1133 1134
729 738
856 859
133 135
200 203
371 376
1349 1351
877 880
1116 1118
458 459
723 725
376 377
1245 1252
571 573
51 68
975 985
456 458
1270 1277
383 384
1024 1028
671 695
408 416
83 90
112 113
377 379
1110 1111
214 215
296 304
1120 1128
1228 1231
813 824
1408 1414
92 99
762 765
365 367
495 502
1163 1168
512 516
893 896
1278 1289
14 17
859 862
1108 1109
552 561
438 456
962 969
1398 1399
638 641
1041 1048
1118 1120
1 5
916 929
1082 1098
906 908
1075 1077
772 777
738 739
582 595
113 117
728 729
481 482
369 371
1056 1061
225 226
765 772
1429 1431
833 838
1369 1371
235 246
788 793
69 76
331 342
519 521
148 153
1289 1294
10 14
969 973
2 0
1079 1429
0 360
62 62
698 703
115 126
359 369
1128 1133
652 656
248 250
260 264
567 568
1254 1258
1196 1198
656 657
1088 1092
974 976
1291 1300
1118 1120
1180 1182
1405 1407
976 982
986 987
1226 1227
1253 1254
26 36
506 522
718 732
906 921
151 154
568 571
395 398
1244 1253
629 637
328 329
216 225
590 595
164 177
658 664
1386 1387
283 291
816 817
433 436
575 589
938 953
1161 1163
641 644
268 278
191 198
691 696
1238 1241
1234 1238
294 306
1336 1351
1008 1013
831 844
998 1002
958 966
966 974
760 761
783 789
1002 1005
496 501
1412 1415
664 679
921 924
679 691
544 549
473 474
483 484
1418 1436
844 848
745 750
436 449
403 404
902 906
735 745
453 470
317 326
1046 1055
522 525
1070 1071
1064 1070
213 216
657 658
864 875
858 864
1319 1326
1206 1226
377 384
707 708
43 50
1258 1259
61 66
1389 1398
1351 1367
106 110
1092 1094
154 162
1407 1408
501 506
953 958
1241 1244
875 882
100 104
1075 1088
351 359
857 858
1174 1180
306 308
759 760
1371 1373
1198 1200
1375 1383
1147 1156
1019 1026
1373 1375
1035 1046
1398 1405
648 650
1200 1206
1159 1161
387 394
1122 1128
426 433
83 85
993 998
39 40
53 88
782 784
546 547
174 184
21 23
1238 1239
1389 1396
370 375
279 291
291 297
149 161
124 145
573 576
578 580
1114 1122
912 914
867 882
116 119
1042 1045
425 432
23 24
1419 1421
1402 1404
1154 1155
494 501
324 332
1421 1440
148 149
1164 1179
1179 1235
1414 1419
45 54
161 172
253 263
1404 1414
1128 1134
1265 1274
921 924
1331 1346
838 850
961 969
1163 1164
914 921
1274 1287
438 443
603 648
375 396
547 551
361 370
513 515
1239 1249
248 253
552 563
884 895
245 248
202 210
924 938
334 346
432 438
210 218
484 487
1045 1064
54 57
70 75
1365 1389
1320 1322
244 245
515 521
766 781
1082 1110
36 45
297 302
75 80
1291 1292
263 268
242 244
686 691
57 70
1075 1082
784 793
793 801
882 884
551 552
466 468
801 804
1329 1331
997 1000
502 506
1322 1329
660 678
80 99
983 987
1125 1128
804 830
172 174
1396 1402
184 190
278 279
745 766
443 466
563 573
218 242
949 961
1297 1302
103 116
145 148
468 484
969 983
1302 1304
678 684
938 949
601 603
895 909
521 532
332 334
268 278
1111 1114
1149 1154
501 502
830 838
781 782
1292 1297
99 103
396 425
576 578
302 303
320 324
850 854
1318 1320
1006 1022
194 195
346 356
190 194
195 202
30 36
731 745
1134 1149
1122 1125
9 13
580 583
123 124
1287 1291
100 100
168 169
178 179
32 33
102 103
128 129
108 109
188 189
104 105
164 165
84 85
116 117
2 3
6 7
90 91
68 69
130 131
176 177
184 185
180 181
42 43
120 121
60 61
198 199
148 149
106 107
146 147
196 197
8 9
44 45
48 49
100 101
88 89
118 119
58 59
26 27
98 99
70 71
12 13
194 195
50 51
52 53
30 31
182 183
78 79
10 11
136 137
192 193
82 83
72 73
22 23
92 93
40 41
86 87
166 167
110 111
114 115
16 17
186 187
174 175
144 145
20 21
172 173
154 155
62 63
140 141
0 1
126 127
156 157
76 77
190 191
24 25
28 29
170 171
36 37
34 35
112 113
162 163
80 81
142 143
124 125
14 15
4 5
132 133
38 39
152 153
150 151
54 55
122 123
134 135
46 47
138 139
160 161
158 159
64 65
66 67
18 19
96 97
74 75
94 95
56 57
282 283
384 385
280 281
390 391
324 325
386 387
208 209
334 335
380 381
240 241
344 345
338 339
312 313
214 215
382 383
310 311
342 343
354 355
330 331
268 269
260 261
300 301
204 205
230 231
284 285
266 267
306 307
258 259
278 279
202 203
206 207
346 347
232 233
398 399
218 219
226 227
264 265
356 357
322 323
294 295
314 315
292 293
374 375
288 289
298 299
246 247
222 223
350 351
274 275
210 211
270 271
328 329
366 367
378 379
228 229
348 349
224 225
376 377
252 253
318 319
368 369
272 273
388 389
290 291
236 237
304 305
302 303
340 341
364 365
256 257
212 213
238 239
352 353
244 245
358 359
394 395
372 373
250 251
326 327
216 217
362 363
308 309
336 337
286 287
396 397
296 297
392 393
262 263
220 221
254 255
276 277
242 243
360 361
234 235
370 371
332 333
320 321
200 201
248 249
316 317
29 93
645 647
166 180
1280 1283
1072 1075
1119 1134
118 127
749 753
608 616
1337 1340
20 37
1040 1062
954 957
350 351
546 548
976 993
1098 1103
91 97
1228 1232
37 44
1088 1089
575 576
947 953
1075 1076
1419 1423
1269 1280
514 518
364 367
1166 1178
59 65
77 82
107 108
518 519
186 243
716 721
476 477
631 645
108 109
396 397
420 424
243 245
57 59
922 924
97 100
1029 1040
1306 1307
381 382
912 922
814 815
585 598
346 350
712 714
839 847
371 372
291 293
356 364
531 533
1388 1390
995 1011
273 287
584 585
576 577
431 437
416 420
180 186
382 384
1211 1228
301 307
1285 1287
1340 1345
792 793
852 868
1290 1297
1288 1290
1134 1154
722 737
75 77
763 764
466 476
647 651
1206 1211
290 291
1090 1098
577 579
966 976
737 749
127 154
656 660
1232 1249
397 398
800 814
579 582
495 510
1011 1019
938 947
114 118
391 396
457 461
310 312
427 431
766 772
162 166
1198 1201
878 880
1297 1306
1103 1114
1114 1118
287 290
620 621
721 722
598 608
351 356
1364 1371
296 301
785 792
714 716
82 83
582 584
753 763
1020 1026
793 794
321 325
816 817
38 15
514 521
154 161
24 30
417 418
779 788
1024 1025
1210 1213
493 494
456 457
1135 1136
886 895
105 107
976 986
1043 1045
1245 1270
566 568
521 534
1242 1244
836 841
737 739
1190 1210
1314 1316
108 109
1361 1374
210 216
714 719
816 836
1123 1124
1045 1049
96 97
1109 1111
1423 1425
396 398
441 450
964 971
1275 1282
250 251
641 645
1339 1343
1376 1382
1019 1024
681 685
992 1018
645 646
161 165
217 230
141 153
426 429
854 856
50 64
1101 1109
685 707
1316 1331
37 93
460 469
375 379
291 294
416 422
113 119
848 852
144 145
559 564
620 651
192 203
664 668
245 267
325 332
1439 1440
882 891
891 894
1026 1067
422 425
294 310
557 559
820 841
1077 1085
509 511
727 729
986 987
715 717
526 527
102 113
663 664
737 741
1238 1251
712 715
267 275
1434 1435
412 414
955 962
313 325
145 153
403 408
1188 1191
337 349
990 994
156 157
1215 1238
494 500
894 895
962 963
542 545
426 427
369 375
68 80
1414 1434
545 549
220 223
564 577
157 160
223 235
941 944
935 941
39 68
481 488
775 790
37 39
5 21
989 990
332 337
429 434
184 191
974 982
1381 1386
1320 1362
1198 1203
235 244
584 590
2 5
895 916
349 357
881 882
1376 1381
1269 1270
1318 1320
552 555
1274 1279
408 409
736 737
1191 1198
793 795
384 390
1128 1143
950 955
21 25
1206 1215
1392 1393
119 124
972 974
1386 1392
1307 1314
1076 1077
244 245
997 998
153 156
1169 1188
555 557
998 1016
792 793
668 706
365 369
741 746
729 735
275 289
1150 1151
357 365
656 663
1085 1087
434 440
845 848
590 591
1270 1274
160 161
161 165
1362 1376
916 926
390 403
469 481
124 142
379 384
795 810
1075 1076
173 184
25 35
94 57
268 271
1359 1362
675 680
142 153
1146 1157
1273 1275
1098 1103
857 859
1038 1042
987 995
1019 1025
1203 1210
747 753
1184 1191
870 871
1012 1019
196 205
804 805
318 321
1049 1050
280 289
396 402
1284 1300
153 160
29 54
927 929
1025 1028
599 600
78 83
1127 1130
346 347
776 787
293 302
1327 1330
593 599
871 872
310 313
805 808
754 758
728 734
1343 1359
1121 1122
112 113
758 765
888 911
939 940
338 342
1315 1316
513 530
371 372
533 538
1438 1440
765 766
377 392
845 848
844 845
1261 1262
1045 1047
1330 1331
932 935
410 412
442 443
962 967
797 801
313 316
443 444
971 976
981 984
1169 1174
1031 1034
944 962
995 996
275 280
84 85
996 1005
184 185
291 292
1255 1261
605 619
832 844
715 723
727 728
19 25
1318 1324
372 374
1079 1092
1043 1044
369 371
1301 1310
734 736
1055 1057
121 125
1112 1113
125 127
814 816
9 11
816 825
83 84
544 545
1175 1177
502 509
867 870
884 886
1340 1343
321 330
1362 1379
794 797
879 884
192 195
1435 1437
1200 1203
710 714
1218 1224
85 108
550 561
292 293
245 248
25 29
360 365
392 394
1138 1144
705 710
865 867
495 502
272 275
1191 1192
330 338
801 804
348 360
808 813
567 571
561 567
917 919
113 115
915 917
753 754
1060 1065
940 943
167 184
825 827
110 111
1130 1138
289 291
1382 1383
1196 1200
412 417
936 939
664 671
219 230
766 769
1050 1051
0 2
1080 1440
10 360
61 4
105 106
410 419
332 334
599 603
1287 1293
357 369
226 228
793 812
994 996
1293 1296
1114 1123
1141 1159
1425 1439
701 714
379 384
1003 1008
181 204
1037 1047
228 241
419 423
1132 1135
288 302
423 445
445 450
1123 1127
356 357
1351 1352
1159 1161
1316 1351
778 781
878 898
1417 1425
374 379
62 65
1135 1141
1352 1364
1261 1265
665 689
770 778
586 598
384 395
478 530
603 609
48 62
1161 1164
119 135
369 371
223 226
582 586
371 374
168 169
465 477
265 271
408 410
79 81
843 870
313 314
641 658
74 79
1168 1199
1300 1316
689 695
1164 1168
548 550
271 273
41 67
150 152
684 692
489 493
974 975
145 148
1249 1256
459 463
342 348
169 172
966 974
695 706
807 817
660 668
1243 1249
187 188
55 60
148 149
1307 1315
493 496
782 797
96 97
1078 1111
590 611
1071 1076
137 145
252 258
1269 1290
943 945
1318 1321
84 96
447 459
571 576
1068 1071
797 807
251 252
1409 1427
237 246
750 765
115 137
104 115
630 631
846 863
1225 1230
988 1028
863 864
482 489
945 949
1296 1307
534 539
1114 1123
539 553
1434 1440
61 64
1212 1217
817 830
581 587
1030 1041
374 378
407 415
97 104
168 169
185 186
1217 1225
378 380
258 277
390 400
1433 1434
336 342
1159 1164
508 534
1294 1295
1290 1294
225 235
359 370
975 988
1053 1055
692 695
1123 1125
463 477
566 571
1028 1030
64 78
767 782
1342 1360
1076 1078
423 434
1056 1068
1295 1296
195 200
864 890
434 447
1164 1171
1321 1342
619 630
415 419
1383 1409
1171 1212
839 841
631 633
30 46
707 710
211 225
937 943
286 288
288 308
925 937
186 187
554 557
15 26
154 155
259 260
257 259
782 784
578 590
212 229
544 546
492 493
34 46
1317 1328
797 808
1147 1151
531 534
571 573
1025 1032
1285 1289
786 797
482 488
1021 1025
488 492
712 716
260 264
622 632
120 131
939 949
1120 1123
1245 1246
376 379
664 690
1246 1247
493 498
1217 1237
530 531
517 524
690 703
355 360
1279 1285
808 817
824 852
1074 1077
411 413
78 2
864 866
682 683
955 958
29 37
619 624
1205 1207
1110 1113
624 635
1229 1233
1223 1225
1080 1081
1054 1064
237 248
1378 1385
693 705
1255 1266
1064 1073
969 978
249 257
758 760
883 887
557 578
1431 1433
88 94
911 918
131 151
508 512
683 693
94 95
958 967
1328 1339
637 638
1130 1138
1143 1147
281 293
314 373
611 619
1275 1277
257 265
947 948
1352 1361
272 280
1362 1372
909 911
293 303
487 497
828 841
1372 1378
84 85
944 947
841 857
394 418
10 15
152 154
1326 1328
1277 1283
978 998
85 88
380 381
499 503
1214 1216
870 879
265 269
1393 1422
304 311
223 228
280 281
943 944
857 864
806 817
1202 1205
418 421
998 1031
1361 1362
1042 1054
1339 1350
887 902
381 394
866 870
441 460
93 2
1073 1078
723 732
974 975
1094 1113
1113 1119
712 713
1254 1264
902 922
248 250
337 350
72 78
842 844
866 867
640 657
364 372
1264 1268
400 417
290 293
838 842
749 753
294 297
423 424
1078 1079
204 211
1318 1329
372 393
250 252
528 529
901 902
394 395
196 197
557 558
922 924
363 364
417 423
946 947
735 740
195 196
1120 1142
1064 1067
989 996
546 548
1079 1084
887 896
537 546
1287 1296
958 961
1282 1287
1172 1180
1162 1172
882 887
361 363
1243 1247
313 321
177 179
1200 1203
1180 1189
1189 1196
289 290
1023 1024
781 786
1084 1088
1147 1150
1280 1282
399 400
826 838
393 394
1239 1240
55 60
924 931
622 627
1049 1057
19 21
123 145
1024 1028
786 788
1028 1040
845 850
657 685
1312 1318
1008 1021
354 361
592 607
60 65
451 462
1309 1312
505 517
980 989
813 817
979 980
954 958
1403 1410
530 533
1335 1351
961 974
83 65
333 346
977 981
332 333
488 493
412 414
593 598
1239 1244
713 719
437 440
981 986
1305 1309
389 390
841 843
1007 1024
127 128
698 713
782 785
1350 1354
510 511
181 186
953 958
162 163
1214 1218
211 213
362 366
1079 1103
34 36
545 547
349 350
845 846
990 991
416 417
36 42
1072 1073
324 326
655 669
132 135
644 646
1151 1154
202 209
189 195
1180 1183
958 960
732 733
1425 1429
536 537
465 467
1058 1064
1159 1163
1406 1409
733 738
353 359
1185 1200
8 15
115 117
1367 1369
359 361
120 127
872 873
350 353
440 445
1069 1072
408 410
1142 1151
971 973
175 181
117 120
578 583
405 408
1064 1067
1282 1291
1389 1393
394 399
1156 1157
610 612
1363 1365
1381 1384
1295 1299
483 484
768 772
746 749
744 745
57 59
571 578
216 242
1154 1156
15 17
1166 1167
252 256
598 600
507 508
511 515
1369 1372
157 162
738 744
150 157
417 428
986 990
1419 1424
326 332
166 167
497 504
745 746
414 416
1279 1282
468 469
399 405
772 774
96 104
964 970
213 216
1394 1396
3 5
868 871
195 199
535 536
464 465
304 305
960 964
785 810
919 922
761 768
646 651
973 977
1424 1425
846 847
1312 1339
1050 1051
719 731
5 8
1200 1208
108 110
1038 1046
547 548
537 539
693 696
209 211
583 590
167 170
1227 1230
612 640
776 777
1261 1265
282 287
288 304
605 610
1057 1058
1400 1401
75 57
780 782
534 545
190 192
1416 1425
1058 1077
197 200
1259 1263
635 638
70 74
769 773
84 89
422 426
426 440
1165 1166
1276 1283
34 40
701 707
811 825
1429 1437
570 582
881 899
255 262
351 353
1087 1095
1132 1135
1120 1124
785 810
810 811
1403 1411
1263 1269
93 103
853 881
234 255
825 848
753 755
907 909
18 24
275 288
1135 1146
932 954
121 124
63 64
899 905
759 769
262 264
15 18
755 759
124 125
200 224
919 932
715 731
498 500
264 271
304 305
602 608
1024 1027
146 158
954 971
1166 1169
159 164
113 120
305 312
1249 1254
1163 1165
652 694
749 753
905 907
158 159
551 570
732 734
192 195
24 34
582 595
74 79
322 334
848 851
522 528
120 121
986 989
971 986
402 405
598 602
734 735
1283 1293
1385 1403
1149 1155
463 467
64 70
405 422
1095 1112
288 298
1183 1201
909 916
312 320
1382 1385
363 376
1269 1276
1040 1053
55 61
164 187
1294 1300
457 463
1174 1181
1018 1022
708 715
1 15
595 598
357 358
1376 1382
1201 1206
335 336
1227 1231
1169 1172
1172 1174
1219 1227
1155 1163
224 226
232 234
195 197
493 498
740 742
784 785
916 919
617 619
1182 1183
731 732
694 701
1011 1018
742 747
125 143
1425 1429
1366 1375
35 3
383 437
777 783
945 972
752 753
62 72
437 439
824 855
1296 1309
343 372
1048 1052
439 445
1266 1280
987 1036
335 341
1250 1266
342 343
87 128
697 710
1036 1048
737 738
877 915
445 466
687 692
43 62
1361 1371
710 737
72 80
753 777
668 687
1052 1096
466 484
1309 1361
692 697
157 174
80 86
1165 1220
568 619
798 824
