100
1 1
540 600
840 900
2 0
900 1260
180 540
1 1
1439 1440
0 1
2 0
236 303
455 465
2 0
893 1105
1105 1440
2 0
1136 1148
690 1136
0 2
180 540
540 900
1 0
319 426
2 0
160 608
1299 1440
2 0
565 773
131 565
1 0
771 1369
0 1
201 806
0 1
884 1230
0 1
10 246
2 0
788 1016
628 788
0 2
746 834
834 1440
2 0
1080 1430
11 361
2 0
756 951
4 363
0 1
778 1440
2 0
1014 1440
902 1014
2 0
192 279
279 650
2 0
781 859
859 1440
2 0
736 765
494 736
0 1
415 817
0 2
1123 1252
335 843
2 0
1079 1429
0 360
0 2
139 149
149 813
2 0
589 1118
485 557
2 0
1230 1440
1027 1230
2 0
1327 1440
911 1327
2 0
991 1110
1110 1440
2 0
1439 1440
0 1
1 1
16 734
734 1064
0 1
586 1198
0 1
884 1440
1 1
278 816
816 1440
1 1
1150 1440
508 1150
2 0
893 1440
219 309
1 0
1138 1440
0 1
1359 1440
0 2
1346 1365
1365 1440
0 2
733 995
995 1318
0 2
1439 1440
0 1
1 1
504 990
990 1440
0 2
1108 1432
1432 1440
0 2
0 360
1080 1440
1 0
969 1034
1 0
864 1440
2 0
830 1039
360 374
2 0
1376 1417
1205 1376
0 2
1348 1381
1213 1348
0 1
757 1266
0 1
1039 1097
0 2
170 485
485 889
0 1
1149 1440
0 2
527 562
769 1093
0 2
1341 1440
365 589
2 0
905 1231
870 905
2 0
218 348
1344 1351
2 0
379 416
1157 1404
2 0
10 360
1080 1430
0 2
1017 1058
771 1017
2 0
1080 1430
0 360
2 0
949 1055
456 949
0 1
1096 1440
0 2
540 900
179 539
0 2
540 671
98 257
0 1
838 1440
0 2
1027 1424
1424 1440
0 2
603 877
202 603
0 2
541 901
180 540
2 0
1353 1440
1228 1353
0 2
292 625
235 292
1 1
0 1
1439 1440
0 2
1307 1440
722 779
1 0
1181 1440
0 2
851 1237
1308 1440
0 2
723 1383
1383 1440
1 1
1421 1440
1383 1421
2 0
1345 1440
262 660
1 0
951 1440
0 2
120 293
1312 1440
0 2
1150 1279
1279 1440
0 2
1080 1440
10 360
2 0
266 768
1210 1348
0 2
1235 1440
1182 1235
1 0
1068 1440
1 0
180 550
0 1
31 200
1 1
756 1440
85 756
1 1
736 741
1220 1440
1 0
746 1403
0 2
1080 1440
11 361
0 2
104 214
214 413
1 1
326 610
1431 1440
0 2
52 89
89 712
2 0
646 869
953 1440
0 2
782 866
866 971
2 0
1079 1429
10 360
0 2
65 89
89 452
