100
4 4
1.4000
0.5000 0.7000 0.8000 0.6000
2 2
1.0000
0.0000 0.0000
2 2
0.0000
0.9000 0.8000
2 2
0.1000
0.4000 0.5000
45 45
23.4538
0.7758 0.1061 0.8466 0.9136 0.6184 0.1213 0.5142 0.5525 0.6572 0.5066 0.0230 0.0372 0.7151 0.0165 0.0050 0.0277 0.1836 0.0146 0.0095 0.2844 0.3902 0.3275 0.1534 0.9715 0.6031 0.3245 0.0738 0.7705 0.8329 0.8584 0.0381 0.3531 0.6520 0.4417 0.2114 0.7584 0.4583 0.8841 0.0209 0.1390 0.7160 0.8138 0.7748 0.0311 0.5514
47 47
20.8692
0.5719 0.9243 0.5147 0.5314 0.2350 0.7862 0.1893 0.0413 0.4973 0.2728 0.8209 0.5333 0.0526 0.5329 0.0546 0.6803 0.1812 0.8065 0.0231 0.8717 0.6811 0.3820 0.7425 0.6579 0.7395 0.4204 0.4658 0.0870 0.8005 0.2212 0.7557 0.7111 0.8755 0.8738 0.1163 0.6939 0.0117 0.8759 0.3823 0.0099 0.7740 0.5668 0.5264 0.1940 0.7756 0.0570 0.1725
49 49
17.5192
0.6792 0.5834 0.8014 0.7971 0.5180 0.4020 0.2987 0.5348 0.9351 0.6805 0.8082 0.8544 0.6427 0.3426 0.1655 0.5117 0.9293 0.6126 0.7608 0.6222 0.2474 0.9310 0.2768 0.8777 0.1495 0.2605 0.1603 0.4084 0.9461 0.5146 0.6774 0.8235 0.6794 0.9526 0.6160 0.5967 0.5136 0.9779 0.4229 0.3704 0.6750 0.7623 0.9888 0.4124 0.4070 0.4808 0.8832 0.3150 0.4381
46 46
16.9037
0.9372 0.8125 0.2803 0.3378 0.8098 0.5844 0.8520 0.5050 0.1696 0.8500 0.5290 0.2117 0.3764 0.1889 0.6798 0.8916 0.1160 0.9848 0.5968 0.1471 0.2467 0.5885 0.1328 0.1768 0.7591 0.6590 0.8482 0.2140 0.9465 0.8471 0.8540 0.6549 0.5394 0.5235 0.8501 0.6262 0.5925 0.7880 0.2434 0.3193 0.3998 0.1257 0.0900 0.7259 0.5130 0.5083
50 50
1.0000
0.0000 0.0000 0.0000 0.0000 0.0000 0.0000 0.0000 0.0000 0.0000 0.0000 0.0000 0.0000 0.0000 0.0000 0.0000 0.0000 0.0000 0.0000 0.0000 0.0000 0.0000 0.0000 0.0000 0.0000 0.0000 0.0000 0.0000 0.0000 0.0000 0.0000 0.0000 0.0000 0.0000 0.0000 0.0000 0.0000 0.0000 0.0000 0.0000 0.0000 0.0000 0.0000 0.0000 0.0000 0.0000 0.0000 0.0000 0.0000 0.0000 0.0000
49 49
20.8587
0.9139 0.5584 0.7857 0.2499 0.5906 0.2521 0.6700 0.9808 0.0720 0.3502 0.8707 0.2237 0.9266 0.4287 0.5469 0.6894 0.9756 0.1186 0.6272 0.5508 0.6251 0.8195 0.5650 0.0305 0.2730 0.9477 0.3827 0.8050 0.4038 0.8328 0.2590 0.2370 0.3585 0.2131 0.0834 0.1582 0.9246 0.3001 0.4878 0.4390 0.9978 0.6319 0.5484 0.9461 0.3317 0.5327 0.1028 0.5883 0.0493
49 49
16.1562
0.5617 0.5208 0.7658 0.9985 0.5005 0.6681 0.7691 0.6561 0.0248 0.8497 0.0576 0.9558 0.6300 0.5867 0.9368 0.8016 0.3082 0.4589 0.9213 0.4713 0.6427 0.7272 0.4540 0.2041 0.7054 0.6086 0.7159 0.2798 0.0777 0.8611 0.0070 0.5930 0.6186 0.8327 0.8107 0.6313 0.2276 0.1806 0.0380 0.1793 0.7695 0.4859 0.9677 0.8772 0.5380 0.4262 0.1014 0.0326 0.0806
48 48
18.7910
0.8716 0.8241 0.4851 0.3555 0.0133 0.3739 0.5223 0.6005 0.1270 0.8344 0.6196 0.0016 0.8276 0.3187 0.6865 0.5122 0.0547 0.4382 0.9097 0.1724 0.6021 0.1649 0.9359 0.2992 0.3094 0.4254 0.4949 0.8733 0.2221 0.1287 0.5002 0.8781 0.7810 0.6122 0.2749 0.5032 0.5147 0.0184 0.7897 0.8110 0.0157 0.1702 0.8189 0.2597 0.7077 0.4273 0.8777 0.6709
50 50
50.0000
0.0000 0.0000 0.0000 0.0000 0.0000 0.0000 0.0000 0.0000 0.0000 0.0000 0.0000 0.0000 0.0000 0.0000 0.0000 0.0000 0.0000 0.0000 0.0000 0.0000 0.0000 0.0000 0.0000 0.0000 0.0000 0.0000 0.0000 0.0000 0.0000 0.0000 0.0000 0.0000 0.0000 0.0000 0.0000 0.0000 0.0000 0.0000 0.0000 0.0000 0.0000 0.0000 0.0000 0.0000 0.0000 0.0000 0.0000 0.0000 0.0000 0.0000
1 1
0.0000
1.0000
50 50
18.9017
0.6008 0.6434 0.4703 0.1653 0.0107 0.5377 0.1536 0.4052 0.5825 0.5490 0.0158 0.8366 0.5839 0.0575 0.8652 0.7153 0.3058 0.9473 0.1875 0.2407 0.4945 0.6972 0.8034 0.6506 0.1116 0.2295 0.7692 0.0037 0.1482 0.2402 0.2221 0.4860 0.8440 0.7035 0.9204 0.6652 0.2296 0.4304 0.1977 0.3065 0.1550 0.8871 0.1680 0.7218 0.7534 0.1832 0.8041 0.6955 0.9708 0.1776
2 2
0.5000
0.5000 0.5000
50 50
18.4094
0.1470 0.8453 0.6579 0.0484 0.8988 0.8898 0.7035 0.8772 0.2669 0.3798 0.8190 0.8490 0.0911 0.8115 0.3142 0.1958 0.8757 0.2573 0.2391 0.8536 0.8052 0.4796 0.0936 0.7329 0.2087 0.3001 0.6126 0.2580 0.3462 0.0666 0.0664 0.4261 0.3670 0.9598 0.0880 0.5155 0.8953 0.1075 0.2711 0.1302 0.2844 0.1932 0.7335 0.9438 0.0261 0.1051 0.8313 0.2160 0.9734 0.7343
50 50
33.3350
0.3333 0.3333 0.3333 0.3333 0.3333 0.3333 0.3333 0.3333 0.3333 0.3333 0.3333 0.3333 0.3333 0.3333 0.3333 0.3333 0.3333 0.3333 0.3333 0.3333 0.3333 0.3333 0.3333 0.3333 0.3333 0.3333 0.3333 0.3333 0.3333 0.3333 0.3333 0.3333 0.3333 0.3333 0.3333 0.3333 0.3333 0.3333 0.3333 0.3333 0.3333 0.3333 0.3333 0.3333 0.3333 0.3333 0.3333 0.3333 0.3333 0.3333
49 49
17.7296
0.2643 0.6267 0.0611 0.3210 0.0892 0.3238 0.7553 0.9856 0.4021 0.7474 0.3528 0.2859 0.8868 0.5958 0.2887 0.2652 0.5680 0.1548 0.6721 0.2711 0.7301 0.9592 0.0746 0.3157 0.7084 0.7107 0.9728 0.3570 0.7434 0.3555 0.0031 0.9661 0.2478 0.1123 0.0850 0.6464 0.3802 0.3445 0.6361 0.7958 0.5060 0.4526 0.1793 0.6619 0.3949 0.2109 0.1754 0.3361 0.7906
50 50
0.6901
0.6598 0.6759 0.9641 0.1546 0.0770 0.2215 0.7744 0.9318 0.8764 0.1842 0.1090 0.7205 0.1761 0.7417 0.2108 0.7287 0.0863 0.5154 0.3158 0.8091 0.8733 0.3303 0.3483 0.1224 0.2187 0.3724 0.6196 0.5160 0.2683 0.7742 0.8871 0.5109 0.2443 0.9926 0.8265 0.0857 0.0932 0.0539 0.5983 0.6915 0.3337 0.0507 0.9438 0.6986 0.8928 0.7255 0.7951 0.2665 0.3512 0.2791
45 45
20.3948
0.9804 0.8859 0.2363 0.7053 0.3279 0.2252 0.3832 0.0952 0.8254 0.7024 0.2691 0.2864 0.5642 0.2842 0.6507 0.4977 0.1041 0.4445 0.4023 0.9227 0.5268 0.7066 0.8490 0.3875 0.4193 0.1788 0.6023 0.3763 0.6761 0.5021 0.6828 0.8241 0.8403 0.0570 0.0940 0.4581 0.3348 0.8826 0.3060 0.2434 0.0380 0.8998 0.1695 0.2898 0.7261
50 50
17.0481
0.1551 0.1664 0.5328 0.3548 0.6917 0.6319 0.4715 0.5284 0.0550 0.5167 0.7952 0.0058 0.3697 0.5745 0.9270 0.9651 0.9528 0.0530 0.2250 0.8747 0.8327 0.0130 0.8594 0.4425 0.3774 0.0416 0.7703 0.0230 0.0961 0.9351 0.1894 0.5409 0.8915 0.3078 0.1320 0.8364 0.8402 0.9658 0.6897 0.9174 0.6858 0.6779 0.3074 0.3369 0.4647 0.3175 0.4136 0.4693 0.2090 0.7170
50 50
18.2966
0.9343 0.1971 0.1633 0.2812 0.8003 0.6989 0.6993 0.9325 0.5229 0.4593 0.3239 0.7602 0.8951 0.2999 0.7260 0.7487 0.6890 0.0665 0.8464 0.4559 0.2623 0.4866 0.2222 0.1009 0.2890 0.7013 0.3073 0.1327 0.2731 0.5618 0.8363 0.2898 0.3770 0.5399 0.8514 0.8260 0.1454 0.2137 0.9425 0.2588 0.7256 0.2996 0.5124 0.6986 0.9212 0.3862 0.7670 0.0211 0.4024 0.0968
46 46
20.9552
0.9189 0.4432 0.0743 0.6466 0.0761 0.6293 0.6883 0.3480 0.5724 0.7494 0.5371 0.8147 0.5623 0.8030 0.6611 0.6384 0.1327 0.0161 0.5487 0.6169 0.6197 0.7967 0.5816 0.3737 0.2994 0.6321 0.2002 0.6033 0.5877 0.9821 0.4862 0.0976 0.9286 0.3568 0.2598 0.0087 0.7851 0.2779 0.4949 0.4706 0.6239 0.7945 0.4289 0.5300 0.2459 0.8629
1 1
0.3333
0.0000
45 45
17.0239
0.7319 0.2274 0.4579 0.7768 0.3742 0.5866 0.2200 0.7366 0.8711 0.7421 0.8865 0.2274 0.5942 0.5062 0.5179 0.7019 0.6492 0.3200 0.2897 0.7017 0.0986 0.9886 0.5541 0.0509 0.3599 0.7135 0.7069 0.6083 0.5366 0.2263 0.4833 0.3150 0.4284 0.1531 0.7743 0.7397 0.5665 0.4105 0.1552 0.7213 0.0525 0.9847 0.6502 0.5331 0.5494
50 50
18.6396
0.3703 0.0759 0.6308 0.5945 0.2387 0.6334 0.8409 0.7915 0.6683 0.6676 0.4559 0.7528 0.3634 0.2059 0.4633 0.2710 0.2887 0.1654 0.1230 0.7095 0.2822 0.1476 0.8113 0.1017 0.2687 0.8525 0.1804 0.6598 0.6824 0.4646 0.1043 0.7383 0.6772 0.7552 0.7061 0.3865 0.5469 0.9285 0.1716 0.4497 0.5207 0.7890 0.4026 0.2829 0.4673 0.7380 0.9971 0.5973 0.4188 0.7402
48 48
19.0317
0.8818 0.7077 0.5856 0.0347 0.7059 0.6331 0.1508 0.2199 0.6425 0.9330 0.9133 0.4020 0.3309 0.7551 0.5463 0.0126 0.4509 0.0197 0.8750 0.2952 0.4253 0.4197 0.0864 0.7307 0.5212 0.0244 0.4374 0.9138 0.7825 0.2578 0.8596 0.5914 0.2998 0.8160 0.3474 0.3062 0.3268 0.4203 0.6502 0.8568 0.3665 0.1744 0.6521 0.1298 0.3163 0.5744 0.4249 0.5318
50 50
0.0000
0.8700 0.8700 0.8700 0.8700 0.8700 0.8700 0.8700 0.8700 0.8700 0.8700 0.8700 0.8700 0.8700 0.8700 0.8700 0.8700 0.8700 0.8700 0.8700 0.8700 0.8700 0.8700 0.8700 0.8700 0.8700 0.8700 0.8700 0.8700 0.8700 0.8700 0.8700 0.8700 0.8700 0.8700 0.8700 0.8700 0.8700 0.8700 0.8700 0.8700 0.8700 0.8700 0.8700 0.8700 0.8700 0.8700 0.8700 0.8700 0.8700 0.8700
50 50
15.9230
0.7663 0.1052 0.5565 0.5948 0.2749 0.8143 0.7063 0.3945 0.0521 0.3238 0.9642 0.4257 0.9359 0.6972 0.4596 0.3615 0.0109 0.2326 0.8376 0.8060 0.4504 0.7739 0.0178 0.6103 0.9726 0.9161 0.5555 0.2762 0.2186 0.6129 0.7616 0.5086 0.9359 0.6480 0.9464 0.3493 0.7766 0.3199 0.2701 0.6566 0.0898 0.7230 0.0392 0.4143 0.6753 0.5155 0.5950 0.0760 0.7302 0.9606
50 50
25.2630
0.1867 0.1555 0.9184 0.5225 0.0083 0.8973 0.6233 0.6072 0.7732 0.1591 0.8260 0.0999 0.0382 0.8181 0.7598 0.6991 0.1465 0.2050 0.7576 0.7571 0.2081 0.1559 0.1035 0.3260 0.4563 0.4673 0.3925 0.6328 0.3066 0.4652 0.9571 0.0820 0.6787 0.1957 0.8654 0.0649 0.0982 0.2554 0.1764 0.0004 0.7812 0.6973 0.9754 0.8618 0.5543 0.0737 0.6493 0.4422 0.0318 0.0624
45 45
19.8370
0.6935 0.1969 0.9489 0.2254 0.4015 0.2075 0.3410 0.5168 0.0256 0.9625 0.3307 0.7472 0.3116 0.3504 0.1469 0.3109 0.1457 0.2998 0.2744 0.8264 0.1756 0.0191 0.5840 0.2676 0.2124 0.4390 0.8099 0.0254 0.6410 0.3465 0.9797 0.5173 0.9116 0.2940 0.1120 0.4022 0.6275 0.6914 0.8484 0.0672 0.2732 0.8291 0.4645 0.9130 0.0871
49 49
14.6150
0.2407 0.9964 0.1001 0.6149 0.7425 0.3654 0.0698 0.7462 0.6695 0.0957 0.2307 0.0776 0.9191 0.5758 0.7243 0.9782 0.4859 0.6967 0.9006 0.9914 0.9543 0.1732 0.9194 0.7821 0.5543 0.5523 0.5851 0.9643 0.4378 0.3116 0.5826 0.4348 0.2058 0.8003 0.7620 0.8364 0.8344 0.5154 0.6469 0.7552 0.3053 0.7771 0.9033 0.4848 0.4634 0.7036 0.6412 0.4789 0.8078
49 49
18.1742
0.4996 0.5486 0.2990 0.6127 0.9419 0.1270 0.5967 0.0490 0.2643 0.5730 0.4987 0.7152 0.1601 0.0646 0.8819 0.8226 0.1671 0.6904 0.4520 0.2472 0.8728 0.9915 0.4224 0.1649 0.1161 0.1614 0.6854 0.0967 0.2172 0.9113 0.4225 0.1858 0.1325 0.4761 0.2106 0.1581 0.4168 0.5967 0.2010 0.6663 0.4027 0.5438 0.5234 0.7292 0.5407 0.3098 0.4608 0.2303 0.7984
50 50
0.0000
0.9999 0.9999 0.9999 0.9999 0.9999 0.9999 0.9999 0.9999 0.9999 0.9999 0.9999 0.9999 0.9999 0.9999 0.9999 0.9999 0.9999 0.9999 0.9999 0.9999 0.9999 0.9999 0.9999 0.9999 0.9999 0.9999 0.9999 0.9999 0.9999 0.9999 0.9999 0.9999 0.9999 0.9999 0.9999 0.9999 0.9999 0.9999 0.9999 0.9999 0.9999 0.9999 0.9999 0.9999 0.9999 0.9999 0.9999 0.9999 0.9999 0.9999
49 49
19.1216
0.6369 0.0448 0.1190 0.8435 0.6681 0.7772 0.3484 0.2461 0.3883 0.5863 0.5555 0.0282 0.9247 0.1356 0.6537 0.7933 0.2868 0.2128 0.5369 0.6378 0.3707 0.6259 0.4007 0.8099 0.9008 0.2627 0.0429 0.8686 0.5898 0.2665 0.3011 0.0639 0.3800 0.3926 0.2811 0.1472 0.0093 0.6051 0.0341 0.8206 0.1638 0.7447 0.9394 0.8853 0.9566 0.8978 0.7704 0.3435 0.6869
46 46
16.7118
0.6585 0.6738 0.0367 0.4951 0.5252 0.2372 0.8470 0.5231 0.4672 0.5590 0.9477 0.2749 0.2285 0.9356 0.9356 0.7092 0.6911 0.7081 0.0036 0.5423 0.8180 0.0020 0.2784 0.6573 0.3364 0.8306 0.8614 0.1105 0.2148 0.4769 0.1971 0.7419 0.1337 0.5839 0.5554 0.3564 0.5871 0.6895 0.0588 0.7755 0.0192 0.3201 0.5978 0.1305 0.4933 0.3308
48 48
19.6441
0.1355 0.1161 0.3170 0.7721 0.6099 0.0531 0.8654 0.4138 0.1932 0.3844 0.9538 0.5081 0.9052 0.3414 0.1478 0.0159 0.8855 0.3583 0.8960 0.0105 0.4864 0.6033 0.2022 0.3068 0.1018 0.6403 0.7382 0.7934 0.9879 0.0403 0.2347 0.1696 0.9943 0.4007 0.2003 0.8589 0.6027 0.0674 0.4765 0.6539 0.8079 0.7005 0.7845 0.0039 0.6305 0.3621 0.1075 0.1249
48 48
17.0026
0.8191 0.8565 0.2950 0.6521 0.4793 0.7474 0.4751 0.3589 0.8587 0.1487 0.4575 0.3725 0.2264 0.5845 0.0962 0.3814 0.3782 0.7899 0.5762 0.9066 0.3220 0.6606 0.6659 0.2149 0.1342 0.5155 0.9369 0.2359 0.7575 0.6853 0.4334 0.0529 0.7088 0.6188 0.6891 0.9889 0.8095 0.1772 0.5713 0.3006 0.3479 0.1922 0.9449 0.0325 0.1378 0.7535 0.1963 0.2895
48 48
17.1633
0.5723 0.6456 0.5072 0.3181 0.1264 0.6413 0.6481 0.4539 0.6270 0.5801 0.1452 0.4982 0.0558 0.3445 0.0632 0.4504 0.3540 0.9637 0.1149 0.8310 0.6847 0.3491 0.4900 0.5634 0.3635 0.2530 0.3255 0.0513 0.5554 0.5886 0.7214 0.4881 0.7482 0.1463 0.1762 0.9120 0.9483 0.7673 0.5768 0.7022 0.9243 0.0792 0.2468 0.1347 0.9264 0.5037 0.8064 0.0042
47 47
18.9297
0.5402 0.7754 0.0398 0.2634 0.4833 0.4999 0.2489 0.0524 0.5913 0.0787 0.6038 0.2188 0.7514 0.4720 0.2277 0.1514 0.0855 0.6541 0.5507 0.3421 0.3650 0.4530 0.9522 0.5479 0.4728 0.7020 0.7343 0.6263 0.1116 0.4576 0.9448 0.4122 0.5044 0.6466 0.6990 0.4876 0.0869 0.7956 0.4793 0.2884 0.8606 0.2881 0.5723 0.8262 0.2454 0.1649 0.0117
45 45
20.1042
0.3315 0.5439 0.7315 0.7107 0.0809 0.6022 0.4995 0.4473 0.5024 0.5781 0.7399 0.1993 0.7782 0.2647 0.9450 0.3134 0.0724 0.3804 0.4744 0.3250 0.5141 0.5618 0.7550 0.9447 0.4116 0.0326 0.3798 0.2988 0.9159 0.1191 0.6209 0.4390 0.0824 0.8506 0.1551 0.0079 0.3065 0.6547 0.2955 0.2525 0.5410 0.9297 0.7531 0.2842 0.2533
49 49
20.9605
0.1212 0.5799 0.3050 0.0713 0.7125 0.1195 0.3785 0.4117 0.7618 0.5377 0.7961 0.9987 0.1264 0.6733 0.9868 0.0928 0.7900 0.1819 0.5939 0.1442 0.7849 0.5247 0.1418 0.3401 0.8181 0.6141 0.5356 0.4451 0.4858 0.8568 0.9202 0.4753 0.9640 0.0713 0.9699 0.0355 0.6808 0.7411 0.7808 0.1624 0.9641 0.0106 0.1659 0.2746 0.9519 0.4263 0.4700 0.0754 0.7182
49 49
17.5298
0.7948 0.6915 0.5634 0.8675 0.0075 0.5176 0.2879 0.9768 0.7381 0.5265 0.6428 0.4803 0.3663 0.7786 0.1862 0.1381 0.1309 0.5159 0.0227 0.0014 0.9257 0.8815 0.9937 0.1002 0.0473 0.7002 0.2499 0.7673 0.3420 0.7309 0.2941 0.2134 0.5795 0.9865 0.4252 0.1483 0.5648 0.1739 0.3161 0.6224 0.3936 0.5276 0.4095 0.5377 0.2146 0.0806 0.1235 0.4560 0.9633
46 46
16.2752
0.8386 0.8783 0.8397 0.0689 0.1830 0.1153 0.4566 0.2126 0.4344 0.3190 0.5026 0.9852 0.8174 0.6424 0.4110 0.5688 0.8430 0.1898 0.5731 0.7519 0.7428 0.2492 0.2776 0.4603 0.1266 0.8224 0.6436 0.9554 0.7444 0.2880 0.5372 0.3095 0.5215 0.2649 0.0260 0.0852 0.6823 0.6841 0.4224 0.4526 0.6545 0.7449 0.9220 0.7720 0.6254 0.1128
45 45
18.6224
0.0474 0.1945 0.3296 0.1568 0.5794 0.3693 0.5064 0.4681 0.8486 0.2302 0.3688 0.1745 0.6375 0.1146 0.2342 0.3037 0.0449 0.8629 0.9746 0.4906 0.6941 0.7203 0.0609 0.5140 0.5650 0.5520 0.3301 0.1815 0.5811 0.9278 0.2108 0.5204 0.2671 0.6656 0.4294 0.7626 0.7361 0.4338 0.6985 0.8630 0.2497 0.3871 0.2291 0.6270 0.4512
50 50
17.3941
0.5428 0.3182 0.7009 0.6788 0.0156 0.9755 0.5786 0.0456 0.6831 0.7652 0.3858 0.7791 0.1102 0.8612 0.0854 0.8800 0.3733 0.3226 0.9118 0.9966 0.6024 0.8604 0.4609 0.5977 0.6619 0.2924 0.0915 0.1895 0.8515 0.1385 0.5744 0.3645 0.3630 0.7731 0.7876 0.0307 0.0098 0.1451 0.9677 0.3291 0.8923 0.5826 0.0645 0.5390 0.2444 0.7118 0.2450 0.5252 0.7218 0.4918
50 50
0.0000
0.0000 0.0000 0.0000 0.0000 0.0000 0.0000 0.0000 0.0000 0.0000 0.0000 0.0000 0.0000 0.0000 0.0000 0.0000 0.0000 0.0000 0.0000 0.0000 0.0000 0.0000 0.0000 0.0000 0.0000 0.0000 0.0000 0.0000 0.0000 0.0000 0.0000 0.0000 0.0000 0.0000 0.0000 0.0000 0.0000 0.0000 0.0000 0.0000 0.0000 0.0000 0.0000 0.0000 0.0000 0.0000 0.0000 0.0000 0.0000 0.0000 0.0000
50 50
19.6567
0.7924 0.7903 0.0352 0.3193 0.5584 0.6914 0.1312 0.7797 0.3876 0.0026 0.6182 0.7464 0.1404 0.0794 0.7163 0.9210 0.8805 0.9536 0.3371 0.7263 0.0805 0.5642 0.0827 0.6173 0.3252 0.8041 0.2393 0.2152 0.4026 0.6413 0.6589 0.0478 0.5719 0.2547 0.5254 0.5558 0.1272 0.5291 0.6377 0.2930 0.4327 0.5573 0.0930 0.4129 0.4767 0.6717 0.1588 0.8311 0.8898 0.4164
2 2
0.3333
0.0000 0.0000
48 48
25.0223
0.4266 0.1083 0.2106 0.8494 0.0933 0.0341 0.0313 0.2358 0.0093 0.6233 0.2025 0.1222 0.4827 0.6594 0.4975 0.4868 0.3762 0.6584 0.8066 0.6357 0.5359 0.0952 0.5206 0.3063 0.2485 0.2673 0.7321 0.6453 0.3334 0.3511 0.1081 0.0179 0.0901 0.9107 0.9619 0.3741 0.5973 0.8832 0.0678 0.9046 0.0337 0.6748 0.4029 0.6353 0.5762 0.6957 0.4508 0.2799
45 45
21.9523
0.4499 0.2036 0.6362 0.7335 0.9661 0.1958 0.8899 0.6723 0.2088 0.8147 0.7441 0.9654 0.2339 0.3567 0.5187 0.1326 0.2498 0.7163 0.9808 0.9067 0.3540 0.0424 0.2215 0.5922 0.0764 0.2974 0.0714 0.1799 0.5649 0.2722 0.9557 0.2984 0.0035 0.6385 0.0118 0.5606 0.0848 0.2679 0.2276 0.8825 0.9332 0.6577 0.5058 0.5630 0.7618
50 50
21.1121
0.6434 0.8035 0.9386 0.9551 0.3910 0.8816 0.7780 0.7895 0.8821 0.6606 0.1192 0.5321 0.3050 0.4002 0.4568 0.8684 0.8537 0.1929 0.7922 0.8734 0.1244 0.1741 0.3409 0.1086 0.4387 0.3033 0.4162 0.2111 0.1224 0.5432 0.2986 0.2261 0.4241 0.1696 0.2685 0.4625 0.6559 0.7784 0.4340 0.3467 0.8143 0.2937 0.9595 0.8458 0.2762 0.4012 0.3698 0.3391 0.2944 0.1592
45 45
16.6811
0.5410 0.1313 0.0643 0.7860 0.1682 0.7341 0.3536 0.4077 0.1395 0.1023 0.2858 0.3109 0.8474 0.4332 0.4959 0.9500 0.5430 0.7997 0.8459 0.8421 0.8138 0.8077 0.8156 0.7021 0.8519 0.9021 0.1153 0.1219 0.2791 0.9488 0.0020 0.4361 0.2116 0.8390 0.2466 0.7674 0.1735 0.8178 0.0098 0.5915 0.0470 0.8397 0.8308 0.3665 0.3610
46 46
16.7967
0.0391 0.5798 0.7309 0.6426 0.4439 0.8252 0.3264 0.6820 0.4257 0.6026 0.8949 0.5354 0.7307 0.2078 0.4471 0.9304 0.3019 0.8066 0.4863 0.9348 0.2465 0.6704 0.8923 0.6681 0.2622 0.1392 0.5504 0.8662 0.7185 0.2254 0.4012 0.2222 0.5516 0.3245 0.0503 0.8298 0.3636 0.3250 0.5741 0.2548 0.1962 0.8276 0.0560 0.3924 0.8880 0.1270
50 50
0.0050
0.9999 0.9999 0.9999 0.9999 0.9999 0.9999 0.9999 0.9999 0.9999 0.9999 0.9999 0.9999 0.9999 0.9999 0.9999 0.9999 0.9999 0.9999 0.9999 0.9999 0.9999 0.9999 0.9999 0.9999 0.9999 0.9999 0.9999 0.9999 0.9999 0.9999 0.9999 0.9999 0.9999 0.9999 0.9999 0.9999 0.9999 0.9999 0.9999 0.9999 0.9999 0.9999 0.9999 0.9999 0.9999 0.9999 0.9999 0.9999 0.9999 0.9999
49 49
2.2603
0.0852 0.5509 0.6873 0.7809 0.7444 0.5154 0.0739 0.8691 0.7213 0.1329 0.7694 0.8491 0.5095 0.4266 0.4581 0.7932 0.2017 0.1762 0.6047 0.4795 0.0706 0.7064 0.2869 0.8561 0.5165 0.2831 0.9229 0.5352 0.3106 0.2062 0.6125 0.3545 0.7961 0.6857 0.4606 0.1160 0.5347 0.4379 0.7001 0.3850 0.4856 0.1679 0.8378 0.5337 0.7481 0.8354 0.2368 0.6942 0.2235
48 48
18.8248
0.4013 0.2755 0.0998 0.3677 0.5753 0.2299 0.0270 0.4933 0.7834 0.4421 0.5608 0.7943 0.7960 0.4156 0.0885 0.7541 0.4453 0.9502 0.8745 0.6822 0.1176 0.6988 0.7025 0.1321 0.0604 0.8446 0.6197 0.3736 0.8377 0.9100 0.5151 0.4735 0.5595 0.1805 0.0496 0.3051 0.7664 0.5205 0.6546 0.7866 0.5431 0.1931 0.4582 0.7771 0.8021 0.6700 0.3348 0.1999
50 50
1.0000
0.3333 0.3333 0.3333 0.3333 0.3333 0.3333 0.3333 0.3333 0.3333 0.3333 0.3333 0.3333 0.3333 0.3333 0.3333 0.3333 0.3333 0.3333 0.3333 0.3333 0.3333 0.3333 0.3333 0.3333 0.3333 0.3333 0.3333 0.3333 0.3333 0.3333 0.3333 0.3333 0.3333 0.3333 0.3333 0.3333 0.3333 0.3333 0.3333 0.3333 0.3333 0.3333 0.3333 0.3333 0.3333 0.3333 0.3333 0.3333 0.3333 0.3333
49 49
16.3325
0.7303 0.2842 0.7568 0.6322 0.8371 0.5695 0.7310 0.9501 0.2526 0.0728 0.4291 0.8352 0.2697 0.9056 0.5839 0.8724 0.5212 0.0634 0.0681 0.8017 0.0868 0.5580 0.1813 0.7664 0.8971 0.2344 0.6068 0.9283 0.7335 0.2749 0.0313 0.0337 0.3953 0.4735 0.4809 0.3261 0.9185 0.5565 0.7110 0.2847 0.5584 0.7392 0.2142 0.8824 0.2129 0.6622 0.8015 0.8367 0.2691
50 50
20.8648
0.3625 0.1827 0.9848 0.9808 0.3946 0.3200 0.0184 0.0471 0.2125 0.0585 0.7510 0.8813 0.5097 0.3809 0.6974 0.5665 0.6864 0.6234 0.8947 0.7798 0.6285 0.4715 0.4195 0.6716 0.0192 0.9944 0.5248 0.2172 0.5122 0.2116 0.2791 0.1974 0.0671 0.8643 0.6514 0.8472 0.7312 0.7735 0.6050 0.5080 0.1668 0.3524 0.8436 0.1280 0.1078 0.6213 0.5992 0.0521 0.8029 0.0388
4 4
1.3999
0.6000 0.8000 0.7000 0.5000
50 50
17.9691
0.4752 0.3825 0.2656 0.7597 0.8542 0.1532 0.6107 0.2327 0.5658 0.1203 0.0429 0.2638 0.2207 0.8854 0.6485 0.2117 0.3650 0.7366 0.1606 0.9712 0.6486 0.6877 0.3458 0.7573 0.5576 0.0031 0.9072 0.6561 0.6485 0.0554 0.5690 0.7892 0.4279 0.8024 0.6846 0.2140 0.9924 0.7057 0.1455 0.6933 0.5387 0.2592 0.8485 0.8487 0.8470 0.3904 0.8195 0.1124 0.0926 0.0494
50 50
16.2545
0.7001 0.2447 0.7083 0.4563 0.9952 0.1704 0.4295 0.6953 0.6804 0.3909 0.2741 0.7693 0.4870 0.3003 0.9879 0.1899 0.6988 0.2344 0.5815 0.4601 0.9543 0.6236 0.9694 0.0785 0.0670 0.1047 0.6088 0.8408 0.7293 0.6645 0.0965 0.7397 0.8174 0.3307 0.4950 0.6936 0.9450 0.4030 0.0861 0.1699 0.3443 0.4201 0.7927 0.5783 0.4194 0.0107 0.9511 0.6125 0.9959 0.7576
47 47
18.9910
0.0622 0.1438 0.6063 0.7234 0.3915 0.9040 0.2496 0.0070 0.5344 0.0778 0.3284 0.5750 0.8293 0.9365 0.1739 0.4070 0.5332 0.6509 0.5192 0.6126 0.8166 0.7605 0.6311 0.2092 0.5605 0.6494 0.5231 0.5533 0.6036 0.1110 0.4427 0.0982 0.0353 0.1323 0.6519 0.9259 0.9991 0.3071 0.8375 0.9668 0.4089 0.3203 0.5973 0.3365 0.4685 0.5675 0.6416
46 46
18.1339
0.7412 0.6912 0.3308 0.8911 0.3593 0.8579 0.4686 0.4176 0.1083 0.8051 0.1045 0.8856 0.5063 0.5331 0.3433 0.5578 0.8391 0.8116 0.3140 0.2185 0.2094 0.3736 0.4120 0.8306 0.5662 0.9617 0.6840 0.8672 0.4813 0.2739 0.6132 0.1271 0.3391 0.1655 0.6493 0.2752 0.7162 0.1673 0.9475 0.4070 0.4186 0.4637 0.9451 0.2179 0.0024 0.8804
45 45
18.1298
0.6320 0.0342 0.4159 0.9669 0.8671 0.0125 0.7470 0.4998 0.2095 0.5341 0.6449 0.0939 0.6369 0.2599 0.7772 0.1686 0.1587 0.3273 0.5782 0.9229 0.5891 0.8650 0.1695 0.5573 0.0916 0.2954 0.2732 0.7101 0.0093 0.9651 0.9024 0.5247 0.0813 0.7236 0.2163 0.1192 0.3561 0.0938 0.6886 0.1402 0.8239 0.9615 0.0195 0.4510 0.2536
47 47
2.2784
0.0239 0.5519 0.1305 0.9917 0.3204 0.7939 0.1539 0.2816 0.9963 0.1427 0.8419 0.6562 0.1902 0.8193 0.8278 0.6641 0.8489 0.6852 0.5550 0.9056 0.8840 0.3364 0.6506 0.1637 0.7511 0.7586 0.4354 0.1277 0.9770 0.1028 0.7958 0.4923 0.3553 0.9460 0.1664 0.9042 0.6587 0.8156 0.6483 0.3635 0.0708 0.2346 0.3084 0.1370 0.1005 0.1259 0.4495
46 46
18.2940
0.8062 0.4115 0.2558 0.8675 0.0463 0.2446 0.7972 0.9806 0.4664 0.5567 0.9935 0.5235 0.4856 0.6003 0.1332 0.8393 0.0506 0.6037 0.2458 0.0594 0.3219 0.4155 0.1133 0.2704 0.6150 0.6069 0.1947 0.6543 0.8499 0.2113 0.0234 0.2761 0.3564 0.1231 0.3207 0.9802 0.0961 0.6035 0.6722 0.7195 0.2635 0.1748 0.7488 0.2348 0.1743 0.1675
47 47
19.2952
0.0358 0.7381 0.1327 0.2617 0.2583 0.2536 0.4281 0.4099 0.8740 0.0585 0.6213 0.2502 0.3167 0.2881 0.7952 0.3761 0.9965 0.7142 0.5119 0.4430 0.2064 0.1828 0.0588 0.0320 0.6157 0.0052 0.4149 0.6558 0.9679 0.8599 0.4533 0.1099 0.0124 0.1536 0.6263 0.7574 0.8692 0.1264 0.5210 0.6322 0.6104 0.2198 0.1863 0.6628 0.0219 0.1355 0.9178
45 45
16.5343
0.0606 0.5005 0.6158 0.2205 0.6340 0.2062 0.7047 0.6243 0.9151 0.6972 0.3030 0.7246 0.6523 0.4931 0.4547 0.6650 0.8082 0.2392 0.5235 0.8139 0.3781 0.9425 0.8908 0.1518 0.5086 0.9476 0.5689 0.0504 0.5871 0.0732 0.2198 0.1023 0.0851 0.8581 0.7885 0.0788 0.2453 0.1068 0.5208 0.0826 0.6374 0.2066 0.6947 0.1838 0.3102
2 2
0.3333
0.5000 0.5000
49 49
20.2209
0.6417 0.2677 0.2301 0.3447 0.8926 0.6064 0.4605 0.7765 0.1903 0.0728 0.3902 0.3351 0.2871 0.9812 0.0029 0.8659 0.5524 0.5832 0.9534 0.4354 0.4910 0.5852 0.7377 0.9892 0.7867 0.7658 0.3318 0.5012 0.6538 0.0446 0.9803 0.2982 0.4030 0.3460 0.1346 0.3288 0.3101 0.3120 0.7689 0.2392 0.0919 0.1044 0.0867 0.1598 0.4789 0.6884 0.2275 0.5166 0.3940
46 46
17.8127
0.8282 0.7572 0.0255 0.2869 0.2025 0.5956 0.0438 0.9750 0.2167 0.6820 0.2006 0.2843 0.2929 0.1035 0.7532 0.1251 0.8695 0.0313 0.9594 0.7000 0.2219 0.0755 0.1010 0.1418 0.8844 0.9365 0.2098 0.0688 0.5661 0.0148 0.5364 0.6556 0.0339 0.9646 0.8059 0.7817 0.2399 0.8562 0.7378 0.2768 0.2751 0.8156 0.8864 0.4536 0.9632 0.8370
48 48
20.6723
0.2351 0.5554 0.6825 0.8339 0.9343 0.7925 0.6732 0.1379 0.3819 0.0592 0.5318 0.4659 0.9081 0.0408 0.0275 0.9661 0.0255 0.6570 0.0426 0.0566 0.5000 0.9311 0.0055 0.4900 0.3610 0.0847 0.5901 0.5467 0.8935 0.3950 0.4185 0.8307 0.1467 0.8061 0.8822 0.3313 0.0706 0.4023 0.0137 0.3623 0.4519 0.1055 0.0539 0.5439 0.2063 0.4962 0.0937 0.4245
46 46
18.0572
0.4788 0.1803 0.7493 0.5173 0.9364 0.8163 0.4649 0.6022 0.3664 0.3339 0.4350 0.6245 0.4667 0.2186 0.3479 0.2985 0.1822 0.9890 0.4766 0.6497 0.8491 0.8813 0.2885 0.3475 0.5559 0.8714 0.7213 0.2147 0.3937 0.6611 0.0117 0.9511 0.8906 0.0686 0.3028 0.7140 0.8863 0.0093 0.5867 0.8162 0.8439 0.9472 0.9977 0.3360 0.2844 0.9599
50 50
18.3882
0.1313 0.8576 0.8551 0.7626 0.3546 0.2663 0.2784 0.0936 0.6132 0.1371 0.0849 0.2494 0.6475 0.2089 0.5108 0.7745 0.6627 0.7794 0.5671 0.9076 0.2058 0.2325 0.5040 0.8987 0.0191 0.4526 0.6366 0.8099 0.2472 0.4679 0.0747 0.3836 0.6286 0.8276 0.8313 0.3127 0.6369 0.7299 0.2667 0.9306 0.0372 0.6501 0.2276 0.3344 0.1284 0.3681 0.7207 0.3337 0.8034 0.9537
50 50
25.1781
0.8956 0.4041 0.1698 0.4020 0.0194 0.1036 0.9229 0.6534 0.8062 0.0754 0.0688 0.3766 0.9311 0.5386 0.1579 0.6761 0.1432 0.9035 0.4135 0.9931 0.6584 0.9069 0.6158 0.9204 0.1113 0.2187 0.8080 0.8635 0.6475 0.0264 0.0088 0.5014 0.1044 0.4107 0.4717 0.0147 0.7306 0.4825 0.8781 0.7130 0.6793 0.0830 0.3708 0.9667 0.0796 0.1508 0.0895 0.4932 0.9035 0.8809
49 49
18.8729
0.5676 0.4559 0.6015 0.1120 0.8188 0.0464 0.4109 0.6185 0.0721 0.4494 0.7870 0.8963 0.7935 0.2629 0.4896 0.3602 0.3885 0.7406 0.6079 0.5974 0.6661 0.2692 0.9990 0.3587 0.4174 0.0431 0.7480 0.2737 0.4505 0.7441 0.6365 0.8620 0.3458 0.4804 0.7065 0.3053 0.0342 0.6993 0.7715 0.1427 0.8268 0.5191 0.5603 0.0206 0.0566 0.9696 0.3122 0.0689 0.0108
50 50
0.0000
0.8765 0.8765 0.8765 0.8765 0.8765 0.8765 0.8765 0.8765 0.8765 0.8765 0.8765 0.8765 0.8765 0.8765 0.8765 0.8765 0.8765 0.8765 0.8765 0.8765 0.8765 0.8765 0.8765 0.8765 0.8765 0.8765 0.8765 0.8765 0.8765 0.8765 0.8765 0.8765 0.8765 0.8765 0.8765 0.8765 0.8765 0.8765 0.8765 0.8765 0.8765 0.8765 0.8765 0.8765 0.8765 0.8765 0.8765 0.8765 0.8765 0.8765
45 45
3.5904
0.2414 0.3324 0.8075 0.7715 0.1036 0.3655 0.2361 0.5221 0.6697 0.1720 0.3028 0.7976 0.8945 0.3252 0.8268 0.4031 0.4654 0.4520 0.4568 0.4972 0.3880 0.4244 0.5127 0.5679 0.1847 0.4581 0.3233 0.8465 0.1018 0.7122 0.7398 0.9111 0.2692 0.4820 0.4465 0.7248 0.9563 0.3085 0.1824 0.6942 0.5776 0.1272 0.3892 0.3448 0.3308
47 47
0.5837
0.3793 0.8177 0.6131 0.8867 0.5026 0.4499 0.7012 0.4740 0.8463 0.0343 0.3950 0.7999 0.3602 0.8738 0.9918 0.4186 0.8003 0.7619 0.6048 0.2976 0.8283 0.6696 0.5646 0.3154 0.0304 0.0082 0.2756 0.6248 0.7741 0.1291 0.1457 0.7335 0.2916 0.3682 0.8207 0.5064 0.5603 0.6586 0.5956 0.9160 0.2637 0.4096 0.9137 0.1213 0.7167 0.7970 0.5373
50 50
18.1933
0.9206 0.5604 0.8908 0.9573 0.9306 0.5362 0.8424 0.2937 0.2788 0.4194 0.9141 0.4918 0.5978 0.1506 0.9063 0.7534 0.7074 0.4935 0.1561 0.2804 0.1740 0.9237 0.6532 0.3524 0.7331 0.0624 0.1851 0.5741 0.6862 0.8814 0.3443 0.0949 0.3321 0.9447 0.6735 0.9624 0.6969 0.0955 0.6049 0.9930 0.3066 0.2504 0.1174 0.0149 0.4104 0.6059 0.5433 0.3245 0.1227 0.0110
50 50
0.0049
0.9999 0.9999 0.9999 0.9999 0.9999 0.9999 0.9999 0.9999 0.9999 0.9999 0.9999 0.9999 0.9999 0.9999 0.9999 0.9999 0.9999 0.9999 0.9999 0.9999 0.9999 0.9999 0.9999 0.9999 0.9999 0.9999 0.9999 0.9999 0.9999 0.9999 0.9999 0.9999 0.9999 0.9999 0.9999 0.9999 0.9999 0.9999 0.9999 0.9999 0.9999 0.9999 0.9999 0.9999 0.9999 0.9999 0.9999 0.9999 0.9999 0.9999
1 1
1.0000
0.0000
50 50
17.9534
0.3082 0.2190 0.1372 0.9456 0.5601 0.4575 0.9036 0.1031 0.7423 0.0142 0.3616 0.5255 0.3341 0.9162 0.4015 0.9761 0.8554 0.9474 0.8593 0.9509 0.8484 0.6514 0.7577 0.1173 0.8953 0.3942 0.6024 0.5086 0.8612 0.8416 0.9490 0.7029 0.6307 0.3588 0.7338 0.3404 0.8472 0.8385 0.6165 0.4977 0.0880 0.1071 0.1901 0.3589 0.0768 0.6407 0.1603 0.8104 0.4038 0.3354
4 4
0.0001
0.0000 0.0000 0.0000 0.0000
47 47
18.0913
0.9216 0.5112 0.4173 0.7525 0.0145 0.9997 0.4508 0.7171 0.4184 0.1226 0.9588 0.1362 0.2008 0.2017 0.2305 0.4584 0.3990 0.4736 0.8921 0.6128 0.1227 0.2757 0.4847 0.1214 0.8034 0.6989 0.0326 0.7185 0.6517 0.7714 0.1639 0.6283 0.2586 0.3573 0.9584 0.5920 0.5135 0.9398 0.7279 0.9899 0.4350 0.5216 0.7789 0.9423 0.1682 0.1874 0.5317
46 46
22.6716
0.4396 0.5614 0.8688 0.0915 0.2909 0.9569 0.1162 0.6618 0.1129 0.6437 0.4438 0.2865 0.5736 0.8881 0.6550 0.1143 0.5936 0.6630 0.0354 0.8230 0.5326 0.2744 0.8663 0.8699 0.8459 0.0840 0.8051 0.1042 0.9122 0.0025 0.9346 0.2254 0.9782 0.3203 0.7767 0.1457 0.1292 0.0713 0.6463 0.3610 0.1089 0.2257 0.4260 0.3578 0.3844 0.5511
48 48
16.3827
0.9354 0.2399 0.8754 0.3453 0.1044 0.5836 0.1335 0.6960 0.3552 0.3473 0.1982 0.2331 0.8730 0.7635 0.1963 0.7823 0.2334 0.7541 0.3461 0.7167 0.6586 0.8745 0.4292 0.9829 0.1930 0.4089 0.0514 0.0708 0.1825 0.7723 0.8496 0.2540 0.3291 0.9843 0.1802 0.9889 0.6255 0.0733 0.1153 0.8740 0.2606 0.9491 0.2423 0.4383 0.3650 0.7949 0.3911 0.7037
1 1
0.5000
0.5000
2 2
0.0000
1.0000 1.0000
50 50
0.0000
0.3333 0.3333 0.3333 0.3333 0.3333 0.3333 0.3333 0.3333 0.3333 0.3333 0.3333 0.3333 0.3333 0.3333 0.3333 0.3333 0.3333 0.3333 0.3333 0.3333 0.3333 0.3333 0.3333 0.3333 0.3333 0.3333 0.3333 0.3333 0.3333 0.3333 0.3333 0.3333 0.3333 0.3333 0.3333 0.3333 0.3333 0.3333 0.3333 0.3333 0.3333 0.3333 0.3333 0.3333 0.3333 0.3333 0.3333 0.3333 0.3333 0.3333
45 45
23.1421
0.0550 0.2944 0.9063 0.1748 0.1211 0.3182 0.8866 0.0673 0.9527 0.5656 0.1024 0.9483 0.0886 0.3086 0.4156 0.9935 0.5577 0.0984 0.1635 0.1772 0.1491 0.5472 0.6544 0.6697 0.2145 0.7555 0.5115 0.2164 0.3800 0.0638 0.1547 0.7583 0.2870 0.6206 0.8796 0.2072 0.6739 0.3051 0.0691 0.4181 0.7399 0.7412 0.5712 0.6730 0.4867
50 50
0.0000
1.0000 1.0000 1.0000 1.0000 1.0000 1.0000 1.0000 1.0000 1.0000 1.0000 1.0000 1.0000 1.0000 1.0000 1.0000 1.0000 1.0000 1.0000 1.0000 1.0000 1.0000 1.0000 1.0000 1.0000 1.0000 1.0000 1.0000 1.0000 1.0000 1.0000 1.0000 1.0000 1.0000 1.0000 1.0000 1.0000 1.0000 1.0000 1.0000 1.0000 1.0000 1.0000 1.0000 1.0000 1.0000 1.0000 1.0000 1.0000 1.0000 1.0000
47 47
17.2980
0.9985 0.8946 0.1402 0.6052 0.3586 0.7246 0.2781 0.0820 0.1878 0.2883 0.1143 0.4300 0.6979 0.4514 0.1467 0.7053 0.9431 0.7268 0.8215 0.3635 0.4628 0.8931 0.8367 0.1847 0.5311 0.4272 0.9988 0.3468 0.9834 0.7003 0.7400 0.8135 0.0559 0.2027 0.8376 0.1699 0.9778 0.9980 0.5489 0.8826 0.2636 0.2853 0.1619 0.9625 0.7361 0.1386 0.3571
1 1
0.3333
0.5000
49 49
20.9411
0.2894 0.8736 0.5701 0.7371 0.9334 0.7218 0.4878 0.5226 0.8648 0.3326 0.4291 0.6579 0.4398 0.4186 0.9123 0.0127 0.7152 0.2993 0.3908 0.7512 0.0283 0.0509 0.9956 0.7064 0.2434 0.2772 0.8528 0.8433 0.5687 0.1286 0.5180 0.1289 0.1723 0.7624 0.4037 0.3678 0.7942 0.2285 0.4058 0.4260 0.6122 0.6966 0.5584 0.2955 0.1106 0.0410 0.5983 0.8625 0.4141
46 46
18.5239
0.0850 0.8069 0.0869 0.4653 0.4762 0.1959 0.5915 0.2264 0.3645 0.2907 0.1667 0.2308 0.4456 0.0613 0.1505 0.9222 0.0093 0.4488 0.6867 0.1669 0.8331 0.7519 0.7462 0.8985 0.5337 0.0796 0.2943 0.3796 0.3703 0.3308 0.5135 0.4211 0.8193 0.4651 0.9404 0.1819 0.0398 0.5614 0.7399 0.5981 0.3429 0.8452 0.4512 0.3174 0.2534 0.7786
45 45
18.5652
0.5455 0.4709 0.8125 0.5037 0.0359 0.1493 0.7705 0.4360 0.4823 0.7463 0.3199 0.5650 0.4090 0.1837 0.8753 0.7165 0.0140 0.6687 0.6674 0.3521 0.6794 0.1127 0.4097 0.4738 0.5104 0.0067 0.8693 0.0567 0.4569 0.2285 0.2509 0.2452 0.7448 0.4225 0.9091 0.0968 0.7074 0.9493 0.7463 0.9279 0.1324 0.9490 0.8771 0.9384 0.2024